_environment:
  LOGSIZE: 500
  NCPU: 7
  NPROC: 100
  date: 2023/12/05 05:39
  forknum: 32
  policy: multiple
  workload: calculation
balancing:
  _data_pid04: 0.0015886357832471786
  _data_pid05: 3.0420545224419446
  _data_pid06: 2.609000076603965
  _data_pid07: 3.835378972050777
  _data_pid08: 2.6093464741485843
  _data_pid09: 2.608333424725642
  _data_pid10: 2.712319789019408
  _data_pid11: 3.477532879651894
  _data_pid12: 3.043017028323786
  _data_pid13: 3.4785616150013863
  _data_pid14: 2.609362595795315
  _data_pid15: 3.0405225302823458
  _data_pid16: 3.912515387294829
  _data_pid17: 3.5849026111581987
  _data_pid18: 2.6090240412139702
  _data_pid19: 3.4787428745970606
  _data_pid20: 3.0432880462769343
  _data_pid21: 2.609534269546988
  _data_pid22: 3.5854651259130454
  _data_pid23: 2.608124279038324
  _data_pid24: 2.9230859196931713
  _data_pid25: 3.4768605634112055
  _data_pid26: 3.479042214362033
  _data_pid27: 2.9328281872405175
  _data_pid28: 3.0424113772709296
  _data_pid29: 3.91091498706667
  _data_pid30: 3.0433398969785816
  _data_pid31: 3.477146831570721
  _data_pid32: 3.0436923946057477
  _data_pid33: 3.478594294015029
  _data_pid34: 3.0426405660866145
  _data_pid35: 3.0438836757656063
  _data_pid36: 2.6069439130655274
  average: 3.0303030303030303
  size: 33
  standard: 0.6728442306868332
  std/ave: 22.203859612665493
  total(for debug): 100.0
clock:
  idle_average: 76864.658436214
  idle_size: 243
  running_average: 31519511.759656653
  running_size: 233
counters:
  contextswitch: 10462
  worksteal: 0
cpu_usage:
  _data_pid00: 99.68785415954277
  _data_pid01: 99.76213210625687
  _data_pid02: 99.76723132245012
  _data_pid03: 99.74181058255772
  _data_pid04: 99.76310403463337
  _data_pid05: 99.74743340573197
  _data_pid06: 99.75394728301967
  average: 99.74631520742827
  standard: 0.0252615110549593
  std/ave: 0.025325758653266056
runtime:
  _data_pid00: 14.226856954558798
  _data_pid01: 14.273346990808147
  _data_pid02: 14.451249362481464
  _data_pid03: 14.236353475923547
  _data_pid04: 14.452474607632995
  _data_pid05: 13.908293215160095
  _data_pid06: 14.451425393434954
  average: 14.285714285714288
  standard: 0.18172637487806836
  std/ave: 1.2720846241464783
  total(for debug): 100.00000000000001
time_response:
  average: 5895026.823529412
  size: 34
  standard: 4813033.992435178
  std/ave: 81.64566738228285
time_turnaround:
  average: 3232815590.5882354
  size: 34
  standard: 658346110.2696886
  std/ave: 20.36448080077149
