_environment:
  LOGSIZE: 500
  NCPU: 7
  NPROC: '100'
  date: 2023/12/11 04:47
  forknum: '32'
  policy: multiple
  workload: calculation
balancing:
  _data_pid05: 3.317018720468392
  _data_pid06: 2.9031157284105205
  _data_pid07: 2.903416999002412
  _data_pid08: 2.8916292157193886
  _data_pid09: 2.7033949343598076
  _data_pid10: 3.319894296324793
  _data_pid11: 2.9031389989665835
  _data_pid12: 2.903338045330054
  _data_pid13: 2.9036305894634222
  _data_pid14: 3.53251362716491
  _data_pid15: 2.9021836595310537
  _data_pid16: 3.73190489351994
  _data_pid17: 3.740036290681508
  _data_pid18: 2.9030991065847607
  _data_pid19: 2.9037706283454465
  _data_pid20: 2.902865569932839
  _data_pid21: 3.730838187851821
  _data_pid22: 3.7311407050806453
  _data_pid23: 3.7230242675622605
  _data_pid24: 2.9016193485465176
  _data_pid25: 2.9037461111524507
  _data_pid26: 2.9036542755651293
  _data_pid27: 2.89019267442812
  _data_pid28: 3.731017703570025
  _data_pid29: 3.530732182989131
  _data_pid30: 2.902007468178003
  _data_pid31: 2.9032516118361045
  _data_pid32: 2.7369755933961666
  _data_pid33: 3.316721189787296
  _data_pid34: 3.316535440884433
  _data_pid35: 2.916751443172361
  _data_pid36: 2.496840492193703
  average: 3.125
  size: 32
  standard: 0.3644514596195282
  std/ave: 11.662446707824902
  total: 99.99999999999999
clock:
  idle_average: 69083.09677419355
  idle_size: 248
  running_average: 31431503.804081634
  running_size: 245
counters:
  contextswitch: 9881
  worksteal: 605
cpu_usage:
  _data_pid00: 99.81218935607576
  _data_pid01: 99.81776909428002
  _data_pid02: 99.78634628902753
  _data_pid03: 99.75906959277738
  _data_pid04: 99.75259434483881
  _data_pid05: 99.76038840270252
  _data_pid06: 99.7568386501977
  average: 99.77788510427139
  size: 7
  standard: 0.025584146259153857
  std/ave: 0.025641098959371132
  total: 698.4451957298998
runtime:
  _data_pid00: 14.316538927312386
  _data_pid01: 14.351247377226532
  _data_pid02: 14.516556005407264
  _data_pid03: 14.310904959471188
  _data_pid04: 14.094280184168667
  _data_pid05: 14.31079650205811
  _data_pid06: 14.099676044355858
  average: 14.285714285714288
  size: 7
  standard: 0.13682813738773325
  std/ave: 0.9577969617141326
  total: 100.00000000000001
time_response:
  average: 6760327.529411765
  size: 34
  standard: 6342586.87753679
  std/ave: 93.82070395173112
  total: 229851136
time_turnaround:
  average: 3084290067.7647057
  size: 34
  standard: 570308796.205395
  std/ave: 18.4907639578374
  total: 104865862304
