_environment:
  LOGSIZE: 500
  NCPU: 8
  NPROC: 5000
  date: 2023/12/07 01:23
  forknum: 32
  policy: default
  workload: yieldrepeat
balancing:
  _data_pid05: 3.114186343855204
  _data_pid06: 2.7561260278471806
  _data_pid07: 3.0392605365332956
  _data_pid08: 3.0331022509999883
  _data_pid09: 3.103922534633025
  _data_pid10: 2.6738689282237162
  _data_pid11: 2.4895602397625836
  _data_pid12: 2.2112643839954957
  _data_pid13: 2.164637364957596
  _data_pid14: 2.5923449578304067
  _data_pid15: 4.5676883555618115
  _data_pid16: 3.1493765469026753
  _data_pid17: 2.9150684449449273
  _data_pid18: 4.398482129241886
  _data_pid19: 3.265944094497425
  _data_pid20: 2.361995753715499
  _data_pid21: 2.544691557870289
  _data_pid22: 2.3439607746536697
  _data_pid23: 4.264026228431338
  _data_pid24: 2.983689340887497
  _data_pid25: 2.582521026146321
  _data_pid26: 4.221358107236279
  _data_pid27: 3.291017114168749
  _data_pid28: 3.3660895473366885
  _data_pid29: 2.660525976234883
  _data_pid30: 4.753463302483255
  _data_pid31: 3.088233569107694
  _data_pid32: 4.326928716378693
  _data_pid33: 3.309052093230578
  _data_pid34: 2.8734267046720863
  _data_pid35: 2.8866230308148877
  _data_pid36: 2.6675640168443775
  average: 3.125
  size: 32
  standard: 0.6998531223825745
  std/ave: 22.395299916242383
  total: 100.0
clock:
  idle_average: 427038.81967213115
  idle_size: 244
  running_average: 101313.5421686747
  running_size: 249
counters:
  contextswitch: 37587
  worksteal: 0
cpu_usage:
  _data_pid00: 20.84238861576148
  _data_pid01: 21.97003320087389
  _data_pid02: 13.18988941223605
  _data_pid03: 19.633064592068568
  _data_pid04: 19.765858923774417
  _data_pid05: 15.842522181116061
  _data_pid06: 25.109463178671707
  average: 19.47903144350031
  size: 7
  standard: 3.6380743999684158
  std/ave: 18.676875236434583
  total: 136.35322010450218
runtime:
  _data_pid00: 13.602333110462048
  _data_pid01: 17.327802606421038
  _data_pid02: 11.295615300700284
  _data_pid03: 16.814025641927955
  _data_pid04: 12.401174179775017
  _data_pid05: 12.896916165206274
  _data_pid06: 15.662132995507383
  average: 14.285714285714286
  size: 7
  standard: 2.1523788013298546
  std/ave: 15.066651609308982
  total: 100.0
time_response:
  average: 6400493.176470588
  size: 34
  standard: 1765701.5623294706
  std/ave: 27.58696109263143
  total: 217616768
time_turnaround:
  average: 1113024896.0
  size: 34
  standard: 203745692.1473187
  std/ave: 18.305582640562847
  total: 37842846464
