_environment:
  LOGSIZE: 500
  NCPU: 8
  NPROC: 15000
  date: 2023/12/07 01:23
  forknum: 32
  policy: default
  workload: yieldrepeat
balancing:
  _data_pid05: 3.2131398298761384
  _data_pid06: 3.4231520171118737
  _data_pid07: 3.0340620802865246
  _data_pid08: 3.164484156593543
  _data_pid09: 3.2712779187185994
  _data_pid10: 3.397036511963389
  _data_pid11: 3.195884942545889
  _data_pid12: 4.332686663682037
  _data_pid13: 3.267858031139631
  _data_pid14: 2.669533154255584
  _data_pid15: 2.724095906083669
  _data_pid16: 2.9690842162861264
  _data_pid17: 2.711659951251057
  _data_pid18: 2.8392839377207384
  _data_pid19: 3.9025580759090683
  _data_pid20: 3.225731234144157
  _data_pid21: 2.62476371685818
  _data_pid22: 2.6095296721882306
  _data_pid23: 3.335633984977367
  _data_pid24: 2.8469009600557134
  _data_pid25: 4.003289310053225
  _data_pid26: 2.9896035417599363
  _data_pid27: 4.293824304830125
  _data_pid28: 2.426876585584241
  _data_pid29: 2.0907949062329005
  _data_pid30: 2.389724170521813
  _data_pid31: 2.5111301795751877
  _data_pid32: 3.4135141521165995
  _data_pid33: 2.6884979853753173
  _data_pid34: 3.4086952196189624
  _data_pid35: 4.180190767547132
  _data_pid36: 2.845501915137044
  average: 3.125
  size: 32
  standard: 0.5522481817561179
  std/ave: 17.671941816195773
  total: 100.00000000000001
clock:
  idle_average: 603369.9672131147
  idle_size: 244
  running_average: 109075.40562248995
  running_size: 249
counters:
  contextswitch: 36253
  worksteal: 0
cpu_usage:
  _data_pid00: 19.24345043357543
  _data_pid01: 12.991609419103716
  _data_pid02: 12.989671416899988
  _data_pid03: 13.987841489817958
  _data_pid04: 15.353850637299262
  _data_pid05: 19.24499623893977
  _data_pid06: 15.198684072196539
  average: 15.57287195826181
  size: 7
  standard: 2.4782999042587557
  std/ave: 15.91421229752007
  total: 109.01010370783267
runtime:
  _data_pid00: 14.886304282942845
  _data_pid01: 15.668992190220365
  _data_pid02: 13.835621549022534
  _data_pid03: 11.13966199074765
  _data_pid04: 14.757281251554494
  _data_pid05: 14.310519574192906
  _data_pid06: 15.401619161319205
  average: 14.285714285714286
  size: 7
  standard: 1.4062426643445656
  std/ave: 9.843698650411959
  total: 100.0
time_response:
  average: 6826646.588235294
  size: 34
  standard: 1471850.5598522227
  std/ave: 21.560374348201023
  total: 232105984
time_turnaround:
  average: 1391983923.764706
  size: 34
  standard: 253576319.7690053
  std/ave: 18.21690002591356
  total: 47327453408
