_environment:
  LOGSIZE: 500
  NCPU: 7
  NPROC: 15000
  date: 2023/12/05 05:09
  forknum: 32
  policy: default
  workload: yieldrepeat
balancing:
  _data_pid05: 4.215887041215546
  _data_pid06: 5.194448131363886
  _data_pid07: 4.050449698831352
  _data_pid08: 3.0981184069979837
  _data_pid09: 3.404817434283294
  _data_pid10: 3.0832653886750476
  _data_pid11: 3.386488177629458
  _data_pid12: 2.619029560666679
  _data_pid13: 3.870001327290999
  _data_pid14: 2.658216247305915
  _data_pid15: 3.015636752055721
  _data_pid16: 3.010896427059039
  _data_pid17: 2.8799054463174
  _data_pid18: 2.597382076515166
  _data_pid19: 2.8418248355107223
  _data_pid20: 3.066990272853107
  _data_pid21: 2.74022386974851
  _data_pid22: 2.720630526428892
  _data_pid23: 2.683497980621551
  _data_pid24: 2.5193247249031394
  _data_pid25: 1.9827199352787626
  _data_pid26: 3.0633560236889843
  _data_pid27: 2.101860103528698
  _data_pid28: 2.9423197254403766
  _data_pid29: 3.3781136034686536
  _data_pid30: 4.712831111701019
  _data_pid31: 3.212044217751569
  _data_pid32: 2.601490358178957
  _data_pid33: 3.383801993464672
  _data_pid34: 2.902026962968581
  _data_pid35: 3.147259776130251
  _data_pid36: 2.915141862126067
  average: 3.125
  size: 32
  standard: 0.6671867344674945
  std/ave: 21.349975502959825
  total(for debug): 100.0
clock:
  idle_average: 565839.475409836
  idle_size: 244
  running_average: 114604.46586345382
  running_size: 249
counters:
  contextswitch: 36319
  worksteal: 0
cpu_usage:
  _data_pid00: 23.619149250498783
  _data_pid01: 18.39189920292237
  _data_pid02: 15.938049351748708
  _data_pid03: 15.640799749916681
  _data_pid04: 13.978659851621808
  _data_pid05: 16.343521779999794
  _data_pid06: 16.650216749305855
  average: 17.128620523013307
  standard: 2.8815028070788573
  std/ave: 16.822737144578507
runtime:
  _data_pid00: 13.022304809217719
  _data_pid01: 12.221347895611723
  _data_pid02: 14.934551912879146
  _data_pid03: 14.748415151342776
  _data_pid04: 16.386671470195996
  _data_pid05: 12.988806512574502
  _data_pid06: 15.697902248178137
  average: 14.285714285714286
  standard: 1.4433671030786808
  std/ave: 10.103569721550764
  total(for debug): 100.0
time_response:
  average: 6419011.764705882
  size: 34
  standard: 1479869.493601439
  std/ave: 23.054475483879198
time_turnaround:
  average: 1467561967.0588236
  size: 34
  standard: 267072224.1181989
  std/ave: 18.198360962804507
