_environment:
  LOGSIZE: 500
  NCPU: 7
  NPROC: '15000'
  date: 2023/12/11 07:07
  forknum: '32'
  policy: default
  workload: yieldrepeat
balancing:
  _data_pid05: 3.659872104923504
  _data_pid06: 3.3750089630851265
  _data_pid07: 3.1598949200492803
  _data_pid08: 3.166250562229885
  _data_pid09: 3.6707907722594144
  _data_pid10: 3.125672231384487
  _data_pid11: 3.0539675503725383
  _data_pid12: 2.9467364592228518
  _data_pid13: 2.786378718050676
  _data_pid14: 2.331542889177156
  _data_pid15: 4.01399545001206
  _data_pid16: 3.2317625662453477
  _data_pid17: 2.824675536318421
  _data_pid18: 2.1151251246683658
  _data_pid19: 2.667414133644488
  _data_pid20: 2.6126578317808185
  _data_pid21: 3.1330056646698003
  _data_pid22: 4.556832478309334
  _data_pid23: 4.032899411369755
  _data_pid24: 2.419544088600911
  _data_pid25: 2.0584132405952795
  _data_pid26: 2.949995762905213
  _data_pid27: 2.2531566356163673
  _data_pid28: 2.8411350199143452
  _data_pid29: 3.360668026882737
  _data_pid30: 3.3244897560085267
  _data_pid31: 3.5156479169790167
  _data_pid32: 3.211717848598825
  _data_pid33: 4.067122100034549
  _data_pid34: 3.0173003839459738
  _data_pid35: 3.3015116650478795
  _data_pid36: 3.214814187097068
  average: 3.125
  size: 32
  standard: 0.569787619201927
  std/ave: 18.233203814461664
  total: 100.00000000000001
clock:
  idle_average: 576972.6693877551
  idle_size: 245
  running_average: 89107.09677419355
  running_size: 248
counters:
  contextswitch: 36323
  worksteal: 0
cpu_usage:
  _data_pid00: 10.988215200683177
  _data_pid01: 15.263803680981594
  _data_pid02: 14.979249974677694
  _data_pid03: 11.37553520352848
  _data_pid04: 13.934067745464649
  _data_pid05: 11.617168499297776
  _data_pid06: 16.581408490308416
  average: 13.53420697070597
  size: 7
  standard: 2.047366049903213
  std/ave: 15.127344027874123
  total: 94.7394487949418
runtime:
  _data_pid00: 13.105660106774788
  _data_pid01: 15.174666084337742
  _data_pid02: 16.043596446055265
  _data_pid03: 13.798751034828918
  _data_pid04: 13.631711721107903
  _data_pid05: 13.817003135450143
  _data_pid06: 14.42861147144524
  average: 14.285714285714286
  size: 7
  standard: 0.9394432367441178
  std/ave: 6.576102657208824
  total: 100.0
time_response:
  average: 6829026.823529412
  size: 34
  standard: 2465044.62268157
  std/ave: 36.096572562700416
  total: 232186912
time_turnaround:
  average: 1386796173.1764705
  size: 34
  standard: 258452328.92827865
  std/ave: 18.636648552057295
  total: 47151069888
