_environment:
  LOGSIZE: 500
  NCPU: 7
  NPROC: '15000'
  date: 2023/12/07 03:00
  forknum: '32'
  policy: default
  workload: yieldrepeat
balancing:
  _data_pid05: 2.7736169440961156
  _data_pid06: 2.797070495120098
  _data_pid07: 2.753915961235971
  _data_pid08: 2.0076239676528624
  _data_pid09: 2.3409771062070606
  _data_pid10: 2.5959953843411583
  _data_pid11: 3.6610993148435957
  _data_pid12: 3.0123740935202528
  _data_pid13: 2.995800250796639
  _data_pid14: 3.0500561321654507
  _data_pid15: 4.481504529662487
  _data_pid16: 4.362047776447006
  _data_pid17: 3.035827644544235
  _data_pid18: 3.239873538452879
  _data_pid19: 3.0194101588274473
  _data_pid20: 2.926377739765652
  _data_pid21: 3.246440532739594
  _data_pid22: 3.069913472032422
  _data_pid23: 4.511525074973185
  _data_pid24: 3.9122086678070302
  _data_pid25: 3.780556068059078
  _data_pid26: 3.627638915382715
  _data_pid27: 3.43453801195193
  _data_pid28: 2.862584080980421
  _data_pid29: 2.753134176201838
  _data_pid30: 2.9914222546054954
  _data_pid31: 3.03379500345549
  _data_pid32: 3.6587539597411975
  _data_pid33: 2.646029626525653
  _data_pid34: 2.6599454001332163
  _data_pid35: 2.2595151056504297
  _data_pid36: 2.498428612081393
  average: 3.125
  size: 32
  standard: 0.6051860241714967
  std/ave: 19.365952773487894
  total: 100.00000000000001
clock:
  idle_average: 556124.4734693877
  idle_size: 245
  running_average: 90308.25806451614
  running_size: 248
counters:
  contextswitch: 36281
  worksteal: 0
cpu_usage:
  _data_pid00: 20.754557944689353
  _data_pid01: 11.699844776257718
  _data_pid02: 11.481708819386785
  _data_pid03: 12.876012953516204
  _data_pid04: 14.621587758957526
  _data_pid05: 14.7203409646196
  _data_pid06: 12.556820104447477
  average: 14.10155333169638
  size: 7
  standard: 2.962521694593599
  std/ave: 21.00847775354416
  total: 98.71087332187466
runtime:
  _data_pid00: 15.578630375163002
  _data_pid01: 12.633802508591819
  _data_pid02: 12.605658247363039
  _data_pid03: 14.416897814441759
  _data_pid04: 16.312726522213637
  _data_pid05: 14.527129504254473
  _data_pid06: 13.92515502797227
  average: 14.285714285714286
  size: 7
  standard: 1.2838171229894038
  std/ave: 8.986719860925826
  total: 100.0
time_response:
  average: 7058207.05882353
  size: 34
  standard: 2227221.3698161445
  std/ave: 31.55505854750853
  total: 239979040
time_turnaround:
  average: 1386974546.8235295
  size: 34
  standard: 260342402.0733332
  std/ave: 18.770524857112438
  total: 47157134592
