_environment:
  LOGSIZE: 500
  NCPU: 7
  NPROC: 15000
  date: 2023/12/05 05:10
  forknum: 32
  policy: default
  workload: yieldrepeat
balancing:
  _data_pid05: 2.977177651973228
  _data_pid06: 2.3655369040447796
  _data_pid07: 3.76331278345854
  _data_pid08: 3.2539409177190697
  _data_pid09: 2.589041449244136
  _data_pid10: 4.17936808755673
  _data_pid11: 3.0422716437522666
  _data_pid12: 2.683116682118271
  _data_pid13: 4.287554605361985
  _data_pid14: 2.780530068416972
  _data_pid15: 3.028008624574575
  _data_pid16: 3.0718598218336477
  _data_pid17: 2.727574816363628
  _data_pid18: 4.725914843706139
  _data_pid19: 3.3040132190875613
  _data_pid20: 2.8163393506077714
  _data_pid21: 2.867473791702261
  _data_pid22: 3.693363295789223
  _data_pid23: 3.459237353329884
  _data_pid24: 4.177092073858161
  _data_pid25: 3.489735936890692
  _data_pid26: 2.5767509752718696
  _data_pid27: 2.8340922574566005
  _data_pid28: 2.53320324650594
  _data_pid29: 2.8685359314282595
  _data_pid30: 4.494975320424795
  _data_pid31: 2.7941861506083785
  _data_pid32: 3.0170837588214496
  _data_pid33: 2.381317265688183
  _data_pid34: 2.6964692958165353
  _data_pid35: 2.4285066163718216
  _data_pid36: 2.092415260216646
  average: 3.125
  size: 32
  standard: 0.6562803560254338
  std/ave: 21.00097139281388
  total(for debug): 100.0
clock:
  idle_average: 519749.66255144036
  idle_size: 243
  running_average: 113303.424
  running_size: 250
counters:
  contextswitch: 36585
  worksteal: 0
cpu_usage:
  _data_pid00: 17.895177729556025
  _data_pid01: 13.459599203308425
  _data_pid02: 17.444667255501628
  _data_pid03: 22.53112464041955
  _data_pid04: 13.917989698552237
  _data_pid05: 25.538339455081733
  _data_pid06: 17.50718672793184
  average: 18.31906328434911
  standard: 4.0434539704991925
  std/ave: 22.07238387540108
runtime:
  _data_pid00: 12.814564059922889
  _data_pid01: 13.832397385922402
  _data_pid02: 13.111507980462697
  _data_pid03: 11.41951939694741
  _data_pid04: 14.735671355760665
  _data_pid05: 17.36780533103102
  _data_pid06: 16.718534489952916
  average: 14.285714285714286
  standard: 1.9850863064658264
  std/ave: 13.895604145260783
  total(for debug): 100.0
time_response:
  average: 7887876.705882353
  size: 34
  standard: 3189187.445442634
  std/ave: 40.431507290983774
time_turnaround:
  average: 1470263267.764706
  size: 34
  standard: 276571960.36123896
  std/ave: 18.81105013129528
