_environment:
  LOGSIZE: 500
  NCPU: 7
  NPROC: 15000
  date: 2023/12/05 06:09
  forknum: 32
  policy: default
  workload: yieldrepeat
balancing:
  _data_pid05: 3.8079515310824563
  _data_pid06: 3.6140117485835184
  _data_pid07: 3.2428013880318316
  _data_pid08: 3.346983915820517
  _data_pid09: 2.541733116419968
  _data_pid10: 2.2812767969482532
  _data_pid11: 2.731345316995376
  _data_pid12: 2.380650900377461
  _data_pid13: 2.970965130909353
  _data_pid14: 2.6364590763016804
  _data_pid15: 2.5584023208661577
  _data_pid16: 3.0541508723283193
  _data_pid17: 3.1017542734871495
  _data_pid18: 3.0059063479215586
  _data_pid19: 3.0724228848943347
  _data_pid20: 3.060562104807623
  _data_pid21: 3.1875045078978372
  _data_pid22: 4.137649161330651
  _data_pid23: 3.1525632908856314
  _data_pid24: 3.1265977993444514
  _data_pid25: 3.0943813561359503
  _data_pid26: 3.637252466320994
  _data_pid27: 3.839526851043027
  _data_pid28: 3.4311313421113794
  _data_pid29: 3.499090406391999
  _data_pid30: 3.0942210753239676
  _data_pid31: 3.000296519502168
  _data_pid32: 2.7941753952925525
  _data_pid33: 3.936977584728444
  _data_pid34: 2.449571649529976
  _data_pid35: 3.224849937089781
  _data_pid36: 2.9868329312956297
  average: 3.125
  size: 32
  standard: 0.44889031072300273
  std/ave: 14.364489943136089
  total(for debug): 100.00000000000001
clock:
  idle_average: 550160.0653061224
  idle_size: 245
  running_average: 92729.41935483871
  running_size: 248
counters:
  contextswitch: 36269
  worksteal: 0
cpu_usage:
  _data_pid00: 12.923704795374674
  _data_pid01: 10.781398736137076
  _data_pid02: 13.394734681323943
  _data_pid03: 12.525565135271211
  _data_pid04: 19.485324547277568
  _data_pid05: 13.941344706972666
  _data_pid06: 19.075387674857367
  average: 14.574727590727377
  standard: 3.104783122053767
  std/ave: 21.3025121926057
runtime:
  _data_pid00: 14.800330178472684
  _data_pid01: 12.053918465150945
  _data_pid02: 12.160184643495404
  _data_pid03: 14.115610549683044
  _data_pid04: 16.18740032537005
  _data_pid05: 15.69629991745538
  _data_pid06: 14.986255920372493
  average: 14.285714285714286
  standard: 1.5066269726261317
  std/ave: 10.546388808382922
  total(for debug): 100.0
time_response:
  average: 6767422.117647059
  size: 34
  standard: 1444070.1789810422
  std/ave: 21.338556305146305
time_turnaround:
  average: 1437337157.6470587
  size: 34
  standard: 265739472.7554492
  std/ave: 18.488318578674225
