_environment:
  LOGSIZE: 500
  NCPU: 7
  NPROC: 15000
  date: 2023/12/05 05:09
  forknum: 32
  policy: default
  workload: yieldrepeat
balancing:
  _data_pid05: 4.000985813735221
  _data_pid06: 3.144644533122666
  _data_pid07: 2.963855747091512
  _data_pid08: 3.0035246217108598
  _data_pid09: 3.3313414494162767
  _data_pid10: 3.5899487511900663
  _data_pid11: 3.26179431604108
  _data_pid12: 3.1576424197000694
  _data_pid13: 2.56125887063558
  _data_pid14: 3.364258175164246
  _data_pid15: 3.1029500138419053
  _data_pid16: 3.173341165826024
  _data_pid17: 3.6449787644917997
  _data_pid18: 2.9419112632595326
  _data_pid19: 3.024793890655701
  _data_pid20: 2.91152659333833
  _data_pid21: 2.567842215785174
  _data_pid22: 2.8085563230498107
  _data_pid23: 2.9933963984037923
  _data_pid24: 3.248627625741892
  _data_pid25: 3.0688516620414448
  _data_pid26: 2.244920696011506
  _data_pid27: 3.092990594256622
  _data_pid28: 2.9024111923619693
  _data_pid29: 2.9306014138999736
  _data_pid30: 3.5538247547281925
  _data_pid31: 3.832013288228979
  _data_pid32: 3.126413731169945
  _data_pid33: 3.1854950337945054
  _data_pid34: 2.7555519544094906
  _data_pid35: 3.293191808292989
  _data_pid36: 3.2165549186028453
  average: 3.125
  size: 32
  standard: 0.3532959612903624
  std/ave: 11.305470761291597
  total(for debug): 100.0
clock:
  idle_average: 561888.262295082
  idle_size: 244
  running_average: 99722.53815261045
  running_size: 249
counters:
  contextswitch: 36197
  worksteal: 0
cpu_usage:
  _data_pid00: 15.62971860683366
  _data_pid01: 11.49465811379562
  _data_pid02: 16.635383348336557
  _data_pid03: 10.768066339240043
  _data_pid04: 14.260489855328759
  _data_pid05: 23.90724206984599
  _data_pid06: 14.892164115404313
  average: 15.334193350517868
  standard: 4.003879737899703
  std/ave: 26.11079465594767
runtime:
  _data_pid00: 11.674465398613108
  _data_pid01: 14.144232652041513
  _data_pid02: 16.46038851864606
  _data_pid03: 13.112504304494903
  _data_pid04: 16.107926347560113
  _data_pid05: 14.09798043227257
  _data_pid06: 14.402502346371731
  average: 14.285714285714286
  standard: 1.5266025645970793
  std/ave: 10.686217952179556
  total(for debug): 100.0
time_response:
  average: 6908275.764705882
  size: 34
  standard: 2417254.156681174
  std/ave: 34.99070157318898
time_turnaround:
  average: 1463071872.0
  size: 34
  standard: 270847961.1234439
  std/ave: 18.51227997112666
