_environment:
  LOGSIZE: 500
  NCPU: 7
  NPROC: 15000
  date: 2023/12/05 05:09
  forknum: 32
  policy: default
  workload: yieldrepeat
balancing:
  _data_pid05: 3.5176945684082495
  _data_pid06: 2.56450526885619
  _data_pid07: 2.826151972291514
  _data_pid08: 2.4769555417807685
  _data_pid09: 2.7711827734216405
  _data_pid10: 2.7568139250848347
  _data_pid11: 2.752804013921075
  _data_pid12: 2.836176750200913
  _data_pid13: 3.3123537008973845
  _data_pid14: 3.086294959040428
  _data_pid15: 3.636488186634632
  _data_pid16: 3.0032563820242366
  _data_pid17: 4.1148371725448065
  _data_pid18: 3.2391728221587694
  _data_pid19: 3.8296322410223937
  _data_pid20: 3.3039997193062187
  _data_pid21: 4.035140188165082
  _data_pid22: 4.355264762738568
  _data_pid23: 3.8099168444672413
  _data_pid24: 3.149618139501468
  _data_pid25: 3.636154027370985
  _data_pid26: 3.161647872992747
  _data_pid27: 3.1888818529799488
  _data_pid28: 2.8796174544749773
  _data_pid29: 3.529055983372235
  _data_pid30: 3.2017469846303444
  _data_pid31: 3.265738483618678
  _data_pid32: 3.0747664644446187
  _data_pid33: 2.4823020899991146
  _data_pid34: 2.2244982180957265
  _data_pid35: 2.11455982035598
  _data_pid36: 1.8627708151982316
  average: 3.125
  size: 32
  standard: 0.5718098969597079
  std/ave: 18.29791670271065
  total(for debug): 100.00000000000001
clock:
  idle_average: 584925.1147540984
  idle_size: 244
  running_average: 91486.32931726908
  running_size: 249
counters:
  contextswitch: 35941
  worksteal: 0
cpu_usage:
  _data_pid00: 17.41093412453509
  _data_pid01: 10.053418773206342
  _data_pid02: 11.345927929404693
  _data_pid03: 11.614255483524236
  _data_pid04: 16.880942397697268
  _data_pid05: 11.076698470831914
  _data_pid06: 17.423959478488783
  average: 13.764256761303127
  standard: 3.1137831170003496
  std/ave: 22.622239406013183
runtime:
  _data_pid00: 15.847001839546746
  _data_pid01: 11.879695981901934
  _data_pid02: 13.877467139613412
  _data_pid03: 14.442697534071714
  _data_pid04: 15.253702066942127
  _data_pid05: 13.259606661130762
  _data_pid06: 15.439828776793307
  average: 14.285714285714286
  standard: 1.2950306028899197
  std/ave: 9.065214220229437
  total(for debug): 100.0
time_response:
  average: 6436650.352941177
  size: 34
  standard: 1590466.8882460801
  std/ave: 24.709543023714637
time_turnaround:
  average: 1452116528.9411764
  size: 34
  standard: 272231972.9539595
  std/ave: 18.747253924067643
