_environment:
  LOGSIZE: 500
  NCPU: 7
  NPROC: 15000
  date: 2023/12/05 06:09
  forknum: 32
  policy: default
  workload: yieldrepeat
balancing:
  _data_pid05: 2.826063469006789
  _data_pid06: 2.7989027676904703
  _data_pid07: 2.7372284680163985
  _data_pid08: 3.1528922395423797
  _data_pid09: 2.71171841705632
  _data_pid10: 3.708110995732319
  _data_pid11: 3.2858446227813762
  _data_pid12: 3.4636646838854506
  _data_pid13: 3.422398424979442
  _data_pid14: 3.2919970468364532
  _data_pid15: 3.50132952383239
  _data_pid16: 2.8358173120209362
  _data_pid17: 3.4175965330340152
  _data_pid18: 2.98737702654846
  _data_pid19: 4.125125299367951
  _data_pid20: 2.581317038913332
  _data_pid21: 2.7969519990876406
  _data_pid22: 2.404547391672319
  _data_pid23: 2.8464715097748514
  _data_pid24: 2.543502139843098
  _data_pid25: 3.635932557427626
  _data_pid26: 3.330112064153276
  _data_pid27: 2.998781519918848
  _data_pid28: 2.662198906369109
  _data_pid29: 2.91099693279152
  _data_pid30: 6.691736544198414
  _data_pid31: 3.0619564108258652
  _data_pid32: 2.3910420705758066
  _data_pid33: 2.3133114447092153
  _data_pid34: 3.51018301210677
  _data_pid35: 2.7037652835217076
  _data_pid36: 2.351126343779449
  average: 3.125
  size: 32
  standard: 0.7747869537013625
  std/ave: 24.7931825184436
  total(for debug): 100.0
clock:
  idle_average: 537844.5901639344
  idle_size: 244
  running_average: 119538.24899598393
  running_size: 249
counters:
  contextswitch: 36215
  worksteal: 0
cpu_usage:
  _data_pid00: 16.7249826963166
  _data_pid01: 13.9160684449765
  _data_pid02: 18.031214341244535
  _data_pid03: 19.77369755113523
  _data_pid04: 23.268432245612214
  _data_pid05: 11.209123150973115
  _data_pid06: 26.671844206166284
  average: 18.48769543462801
  standard: 4.908919811665774
  std/ave: 26.552361969741344
runtime:
  _data_pid00: 18.383893253942052
  _data_pid01: 15.385411852269796
  _data_pid02: 14.19964465999604
  _data_pid03: 11.939003967563218
  _data_pid04: 14.988805589402224
  _data_pid05: 12.217063523028072
  _data_pid06: 12.886177153798597
  average: 14.285714285714286
  standard: 2.0788465357430144
  std/ave: 14.5519257502011
  total(for debug): 100.0
time_response:
  average: 6857711.05882353
  size: 34
  standard: 1542048.1212917285
  std/ave: 22.486338489103293
time_turnaround:
  average: 1432026340.7058823
  size: 34
  standard: 267877755.7381536
  std/ave: 18.706203100014896
