_environment:
  LOGSIZE: 500
  NCPU: 7
  NPROC: 15000
  date: 2023/12/05 05:09
  forknum: 32
  policy: default
  workload: yieldrepeat
balancing:
  _data_pid05: 3.054044083740662
  _data_pid06: 2.5893817824095424
  _data_pid07: 2.4438193611854038
  _data_pid08: 2.8271696025085307
  _data_pid09: 3.379599741768883
  _data_pid10: 4.027022041870331
  _data_pid11: 3.000707061391374
  _data_pid12: 3.2896799778659043
  _data_pid13: 3.149651080574257
  _data_pid14: 3.692704970948999
  _data_pid15: 3.0245319561007102
  _data_pid16: 2.9885640505395186
  _data_pid17: 2.7433981985305422
  _data_pid18: 4.482000676319592
  _data_pid19: 3.230348304589751
  _data_pid20: 2.651787635648191
  _data_pid21: 2.48316886470534
  _data_pid22: 2.828860401487903
  _data_pid23: 4.300624058532387
  _data_pid24: 4.763595560884134
  _data_pid25: 4.565618371299456
  _data_pid26: 3.3516247041101788
  _data_pid27: 2.8717452119647087
  _data_pid28: 2.5386578130283746
  _data_pid29: 2.5283593101540167
  _data_pid30: 2.641642841771957
  _data_pid31: 2.662700974515048
  _data_pid32: 3.244028405422853
  _data_pid33: 3.0385194749300624
  _data_pid34: 2.960435303882689
  _data_pid35: 2.307633188846875
  _data_pid36: 2.3383749884718252
  average: 3.125
  size: 32
  standard: 0.6514336946550539
  std/ave: 20.845878228961723
  total(for debug): 99.99999999999999
clock:
  idle_average: 543807.344262295
  idle_size: 244
  running_average: 88670.20080321285
  running_size: 249
counters:
  contextswitch: 36369
  worksteal: 0
cpu_usage:
  _data_pid00: 12.934703445764486
  _data_pid01: 11.176545744652403
  _data_pid02: 14.296943963905823
  _data_pid03: 12.28088019449377
  _data_pid04: 16.974461939483604
  _data_pid05: 14.900110498536483
  _data_pid06: 17.369212855783083
  average: 14.265803176514568
  standard: 2.158920255162927
  std/ave: 15.13353456829618
runtime:
  _data_pid00: 13.977066617479789
  _data_pid01: 11.563527928924959
  _data_pid02: 15.459743613391128
  _data_pid03: 13.362691751975161
  _data_pid04: 14.72624427433982
  _data_pid05: 15.586553536844047
  _data_pid06: 15.324172277045097
  average: 14.285714285714286
  standard: 1.3469819084663284
  std/ave: 9.428873359264298
  total(for debug): 100.0
time_response:
  average: 6829405.176470588
  size: 34
  standard: 1968692.837497428
  std/ave: 28.826710183782673
time_turnaround:
  average: 1459871930.3529413
  size: 34
  standard: 275074908.35723597
  std/ave: 18.842399983040522
