_environment:
  LOGSIZE: 500
  NCPU: 7
  NPROC: 15000
  date: 2023/12/05 05:09
  forknum: 32
  policy: default
  workload: yieldrepeat
balancing:
  _data_pid05: 3.443291604017312
  _data_pid06: 3.1741416692280215
  _data_pid07: 3.5891642229957057
  _data_pid08: 3.639837513187516
  _data_pid09: 4.129623937730003
  _data_pid10: 3.511575939324965
  _data_pid11: 2.6273685609616297
  _data_pid12: 3.0048430374068564
  _data_pid13: 3.011987140614227
  _data_pid14: 2.891035811894101
  _data_pid15: 2.6785402769586057
  _data_pid16: 2.975934340707266
  _data_pid17: 3.0232847921979746
  _data_pid18: 2.7825451283031093
  _data_pid19: 2.7780592960566213
  _data_pid20: 2.5469558643949526
  _data_pid21: 2.894690934465314
  _data_pid22: 2.1525349105741034
  _data_pid23: 2.6085945223004012
  _data_pid24: 2.6418229093114247
  _data_pid25: 3.3811545203066977
  _data_pid26: 2.927254753736117
  _data_pid27: 3.2500685335482102
  _data_pid28: 3.064654134026699
  _data_pid29: 3.04521552762525
  _data_pid30: 2.9237657730999596
  _data_pid31: 3.4552538233412804
  _data_pid32: 3.3256631139982886
  _data_pid33: 3.5725500294901935
  _data_pid34: 3.53250982314191
  _data_pid35: 3.844358235240366
  _data_pid36: 3.571719319814918
  average: 3.1249999999999996
  size: 32
  standard: 0.42495069088027176
  std/ave: 13.598422108168698
  total(for debug): 99.99999999999999
clock:
  idle_average: 544276.4227642276
  idle_size: 246
  running_average: 81648.97165991903
  running_size: 247
counters:
  contextswitch: 36173
  worksteal: 0
cpu_usage:
  _data_pid00: 12.976932530399074
  _data_pid01: 13.108678582140053
  _data_pid02: 10.077564663340295
  _data_pid03: 15.96597887676943
  _data_pid04: 12.837452095368372
  _data_pid05: 11.981132744618222
  _data_pid06: 14.899008446566286
  average: 13.090606359774615
  standard: 1.7697769275280657
  std/ave: 13.519441948589284
runtime:
  _data_pid00: 15.10496016747107
  _data_pid01: 14.450527085288961
  _data_pid02: 11.751385208383521
  _data_pid03: 13.391039965442477
  _data_pid04: 15.093164090082157
  _data_pid05: 14.032015550885122
  _data_pid06: 16.17690793244669
  average: 14.285714285714286
  standard: 1.3209598636330302
  std/ave: 9.246719045431211
  total(for debug): 100.0
time_response:
  average: 6901552.94117647
  size: 34
  standard: 1765521.556818983
  std/ave: 25.581511463679714
time_turnaround:
  average: 1444321586.8235295
  size: 34
  standard: 261583066.62727123
  std/ave: 18.111137368137395
