_environment:
  LOGSIZE: 500
  NCPU: 7
  NPROC: 15000
  date: 2023/12/05 05:10
  forknum: 32
  policy: default
  workload: yieldrepeat
balancing:
  _data_pid05: 3.4463450517116447
  _data_pid06: 2.3840369902160377
  _data_pid07: 2.7372508916612035
  _data_pid08: 2.448813784752829
  _data_pid09: 3.987615555213983
  _data_pid10: 3.3258884458902025
  _data_pid11: 1.9324815629244607
  _data_pid12: 3.234761768829971
  _data_pid13: 4.040158475722034
  _data_pid14: 3.2636211639746913
  _data_pid15: 3.0766624736893284
  _data_pid16: 2.713410521759043
  _data_pid17: 2.3592555530808976
  _data_pid18: 2.6986671351090226
  _data_pid19: 4.629893941722843
  _data_pid20: 4.295344540398448
  _data_pid21: 4.032629937858194
  _data_pid22: 3.5467255565628464
  _data_pid23: 3.6587125572874677
  _data_pid24: 5.09007581865007
  _data_pid25: 3.378745055475913
  _data_pid26: 3.4761455140893447
  _data_pid27: 2.6996082023420027
  _data_pid28: 2.930169674422106
  _data_pid29: 2.576485239360451
  _data_pid30: 3.330750626593933
  _data_pid31: 2.906015615442286
  _data_pid32: 2.6302829161791417
  _data_pid33: 2.359098708542067
  _data_pid34: 2.4265418602389683
  _data_pid35: 2.604560411811021
  _data_pid36: 1.779244448487548
  average: 3.125
  size: 32
  standard: 0.755322230858335
  std/ave: 24.17031138746672
  total(for debug): 100.0
clock:
  idle_average: 559900.8395061728
  idle_size: 243
  running_average: 92169.728
  running_size: 250
counters:
  contextswitch: 36201
  worksteal: 0
cpu_usage:
  _data_pid00: 12.527576842829047
  _data_pid01: 12.970723604041718
  _data_pid02: 14.756981326385185
  _data_pid03: 11.02929219522374
  _data_pid04: 13.266281319889446
  _data_pid05: 16.11610945862189
  _data_pid06: 20.689480404841316
  average: 14.483138277448734
  standard: 2.946709539712069
  std/ave: 20.34579442150534
runtime:
  _data_pid00: 14.116635872855543
  _data_pid01: 14.52458851835238
  _data_pid02: 12.519017400333137
  _data_pid03: 12.02087914500905
  _data_pid04: 14.913876663728445
  _data_pid05: 14.368214513138867
  _data_pid06: 17.536787886582577
  average: 14.285714285714283
  standard: 1.6607751343033534
  std/ave: 11.625425940123476
  total(for debug): 99.99999999999999
time_response:
  average: 7096069.647058823
  size: 34
  standard: 2026841.2666143677
  std/ave: 28.56287166592921
time_turnaround:
  average: 1476835762.8235295
  size: 34
  standard: 273645375.77668357
  std/ave: 18.529167742627457
