_environment:
  LOGSIZE: 500
  NCPU: 7
  NPROC: 15000
  date: 2023/12/05 05:10
  forknum: 32
  policy: default
  workload: yieldrepeat
balancing:
  _data_pid05: 2.427111266565621
  _data_pid06: 2.7004002953635693
  _data_pid07: 2.54634487583071
  _data_pid08: 2.9202129726788697
  _data_pid09: 3.736660059849986
  _data_pid10: 3.0050911352065603
  _data_pid11: 3.4327464925576154
  _data_pid12: 2.8062648167579964
  _data_pid13: 4.358322645835763
  _data_pid14: 3.7304418794450274
  _data_pid15: 3.4198437682173255
  _data_pid16: 3.098208386770821
  _data_pid17: 2.311919474563756
  _data_pid18: 2.7792157319964246
  _data_pid19: 4.058450895806614
  _data_pid20: 2.919746609148498
  _data_pid21: 3.490886479343982
  _data_pid22: 3.7262446076716804
  _data_pid23: 3.1487311025611127
  _data_pid24: 2.937934786833003
  _data_pid25: 3.2948583420776494
  _data_pid26: 4.48455170805643
  _data_pid27: 2.650033034083401
  _data_pid28: 2.989079320663791
  _data_pid29: 2.945707512339202
  _data_pid30: 3.57840736854378
  _data_pid31: 2.9803738680968483
  _data_pid32: 3.204850180715868
  _data_pid33: 3.054214760405736
  _data_pid34: 2.4055030896583887
  _data_pid35: 2.4627103493840115
  _data_pid36: 2.394932182969958
  average: 3.125
  size: 32
  standard: 0.5508486580707549
  std/ave: 17.627157058264157
  total(for debug): 100.0
clock:
  idle_average: 541219.4098360656
  idle_size: 244
  running_average: 108633.57429718875
  running_size: 249
counters:
  contextswitch: 35915
  worksteal: 0
cpu_usage:
  _data_pid00: 23.316846234008054
  _data_pid01: 26.246276280352333
  _data_pid02: 16.84508547456885
  _data_pid03: 11.530980434379165
  _data_pid04: 14.074413318745812
  _data_pid05: 12.543140834309865
  _data_pid06: 14.591835880726753
  average: 17.000955129047004
  standard: 5.203734551213118
  std/ave: 30.60848353350613
runtime:
  _data_pid00: 14.20139131786561
  _data_pid01: 15.838793673001438
  _data_pid02: 14.200147681784618
  _data_pid03: 12.653219851540943
  _data_pid04: 15.478605573044188
  _data_pid05: 13.960592281683573
  _data_pid06: 13.667249621079632
  average: 14.285714285714286
  standard: 1.0001941347081604
  std/ave: 7.001358942957123
  total(for debug): 100.0
time_response:
  average: 6422899.764705882
  size: 34
  standard: 1813471.071644701
  std/ave: 28.23446010491717
time_turnaround:
  average: 1442640029.1764705
  size: 34
  standard: 267219798.17751345
  std/ave: 18.522971273024748
