_environment:
  LOGSIZE: 500
  NCPU: 7
  NPROC: 15000
  date: 2023/12/05 05:10
  forknum: 32
  policy: default
  workload: yieldrepeat
balancing:
  _data_pid05: 3.4213171744333337
  _data_pid06: 2.7506232318422454
  _data_pid07: 2.9515201877320587
  _data_pid08: 3.0707200856496395
  _data_pid09: 2.564665166553069
  _data_pid10: 2.6041909812672537
  _data_pid11: 3.8657491698022772
  _data_pid12: 3.0520464723988434
  _data_pid13: 2.6373366447874163
  _data_pid14: 2.560307990127883
  _data_pid15: 2.9790637672769824
  _data_pid16: 2.9059254487113653
  _data_pid17: 4.384564391286892
  _data_pid18: 3.332617511492053
  _data_pid19: 4.553249364319082
  _data_pid20: 3.6553597938433096
  _data_pid21: 2.930512372824913
  _data_pid22: 3.259479192926435
  _data_pid23: 2.740975198329334
  _data_pid24: 3.613344164029019
  _data_pid25: 2.618351804649107
  _data_pid26: 3.1469706730903892
  _data_pid27: 2.7454879881982763
  _data_pid28: 3.6648522139124644
  _data_pid29: 3.3831918807129586
  _data_pid30: 3.182917378598172
  _data_pid31: 2.812246155569872
  _data_pid32: 2.348362479731349
  _data_pid33: 2.3410486478747874
  _data_pid34: 2.7778555844996564
  _data_pid35: 4.2527598044250245
  _data_pid36: 2.892387079104538
  average: 3.125
  size: 32
  standard: 0.5574374750109642
  std/ave: 17.837999200350854
  total(for debug): 100.00000000000001
clock:
  idle_average: 570540.4590163934
  idle_size: 244
  running_average: 96211.1485943775
  running_size: 249
counters:
  contextswitch: 36047
  worksteal: 0
cpu_usage:
  _data_pid00: 19.978943717124963
  _data_pid01: 12.509680522381368
  _data_pid02: 18.419991446202726
  _data_pid03: 12.122007390389687
  _data_pid04: 13.732225995527122
  _data_pid05: 12.04924673295435
  _data_pid06: 13.804569299351584
  average: 14.682113051660576
  standard: 2.9738408928266176
  std/ave: 20.254856248299152
runtime:
  _data_pid00: 12.8457341686663
  _data_pid01: 12.72824601863004
  _data_pid02: 16.31140117457027
  _data_pid03: 13.441111204479178
  _data_pid04: 15.775312860828672
  _data_pid05: 13.632048899968567
  _data_pid06: 15.26614567285697
  average: 14.285714285714286
  standard: 1.3587515242931258
  std/ave: 9.511260670051879
  total(for debug): 100.0
time_response:
  average: 6416384.0
  size: 34
  standard: 1819267.0745977056
  std/ave: 28.353463174861503
time_turnaround:
  average: 1455893494.5882354
  size: 34
  standard: 265537309.04397568
  std/ave: 18.23878669909687
