_environment:
  LOGSIZE: 500
  NCPU: 7
  NPROC: 15000
  date: 2023/12/05 05:10
  forknum: 32
  policy: default
  workload: yieldrepeat
balancing:
  _data_pid05: 2.650581292484949
  _data_pid06: 2.732760887142779
  _data_pid07: 2.88951391679192
  _data_pid08: 2.7874921664823
  _data_pid09: 3.8024184280713587
  _data_pid10: 3.2908215148493736
  _data_pid11: 3.477668480570396
  _data_pid12: 2.9305210384722864
  _data_pid13: 3.297104864139107
  _data_pid14: 2.8508217132709297
  _data_pid15: 3.1094311419325926
  _data_pid16: 3.644838641936727
  _data_pid17: 3.240554720531505
  _data_pid18: 3.7101524042905356
  _data_pid19: 3.7402463403624173
  _data_pid20: 4.319141231503391
  _data_pid21: 3.4730386442516448
  _data_pid22: 3.7928280528396607
  _data_pid23: 2.498623450451657
  _data_pid24: 4.262095034004494
  _data_pid25: 3.7051918653775875
  _data_pid26: 3.9292428729457165
  _data_pid27: 2.784185140540335
  _data_pid28: 2.285154925897816
  _data_pid29: 2.99252777488413
  _data_pid30: 2.6674471247889704
  _data_pid31: 2.5637718615083673
  _data_pid32: 2.7387135338383164
  _data_pid33: 2.5113555003282224
  _data_pid34: 2.8127909149383323
  _data_pid35: 2.5068910153065693
  _data_pid36: 2.0020735052656122
  average: 3.125
  size: 32
  standard: 0.5754873368523672
  std/ave: 18.41559477927575
  total(for debug): 100.0
clock:
  idle_average: 555600.131147541
  idle_size: 244
  running_average: 96247.2610441767
  running_size: 249
counters:
  contextswitch: 36273
  worksteal: 0
cpu_usage:
  _data_pid00: 17.3574092384412
  _data_pid01: 11.839321724700673
  _data_pid02: 15.403054499047043
  _data_pid03: 13.58558346338447
  _data_pid04: 12.351194291041907
  _data_pid05: 12.084399631113339
  _data_pid06: 22.622302484891897
  average: 15.022420580197076
  standard: 3.6118712085260705
  std/ave: 24.04320388478091
runtime:
  _data_pid00: 11.591456629181527
  _data_pid01: 14.250966891709782
  _data_pid02: 18.20071332549568
  _data_pid03: 12.435905703462291
  _data_pid04: 13.647434657301169
  _data_pid05: 13.671906649271708
  _data_pid06: 16.201616143577837
  average: 14.285714285714283
  standard: 2.086147563648133
  std/ave: 14.603032945536935
  total(for debug): 99.99999999999999
time_response:
  average: 6848647.529411765
  size: 34
  standard: 2116203.6741234115
  std/ave: 30.899585137580786
time_turnaround:
  average: 1467725896.4705882
  size: 34
  standard: 278366520.13712716
  std/ave: 18.965838294909812
