_environment:
  LOGSIZE: 500
  NCPU: 7
  NPROC: 100
  date: 2023/12/05 05:40
  forknum: 32
  policy: default
  workload: calculation
balancing:
  _data_pid05: 3.366910133051257
  _data_pid06: 3.7226832947805146
  _data_pid07: 3.3649121631912555
  _data_pid08: 3.729557440458443
  _data_pid09: 3.3160918610073655
  _data_pid10: 2.900279954108476
  _data_pid11: 2.9011390147153633
  _data_pid12: 2.9012340968221673
  _data_pid13: 2.9014367172069724
  _data_pid14: 2.901043102197147
  _data_pid15: 2.90132212043196
  _data_pid16: 3.1606284643259035
  _data_pid17: 3.3159220418733795
  _data_pid18: 3.3150110805531705
  _data_pid19: 2.9843549576312887
  _data_pid20: 3.315880106097016
  _data_pid21: 3.3151252621224767
  _data_pid22: 2.9021409060853105
  _data_pid23: 2.900992031895239
  _data_pid24: 3.1544327647725066
  _data_pid25: 3.315014402198823
  _data_pid26: 3.3153224848330964
  _data_pid27: 2.9008043589158703
  _data_pid28: 2.901813308782829
  _data_pid29: 3.1603457092397313
  _data_pid30: 3.315692848323354
  _data_pid31: 3.3148221619566827
  _data_pid32: 2.9005818086571504
  _data_pid33: 2.901253611490376
  _data_pid34: 2.9071266962097706
  _data_pid35: 2.9025382579464956
  _data_pid36: 2.893586838118611
  average: 3.1250000000000004
  size: 32
  standard: 0.24622454854949355
  std/ave: 7.879185553583793
  total(for debug): 100.00000000000001
clock:
  idle_average: 61062.709677419356
  idle_size: 248
  running_average: 31457237.420408163
  running_size: 245
counters:
  contextswitch: 8563
  worksteal: 0
cpu_usage:
  _data_pid00: 99.82013837506949
  _data_pid01: 99.8283425631252
  _data_pid02: 99.82493719226463
  _data_pid03: 99.76572264267894
  _data_pid04: 99.84856373944957
  _data_pid05: 99.77040951203382
  _data_pid06: 99.76801866898754
  average: 99.80389503944821
  standard: 0.03199356787982315
  std/ave: 0.03205643213341269
runtime:
  _data_pid00: 14.557317183868623
  _data_pid01: 14.179078071768423
  _data_pid02: 14.351211977568562
  _data_pid03: 14.084221421663177
  _data_pid04: 14.355874737653313
  _data_pid05: 14.134423943644228
  _data_pid06: 14.337872663833673
  average: 14.285714285714286
  standard: 0.15145036496692724
  std/ave: 1.0601525547684907
  total(for debug): 100.0
time_response:
  average: 5373156.705882353
  size: 34
  standard: 1443295.790203216
  std/ave: 26.86122644856317
time_turnaround:
  average: 3222253176.470588
  size: 34
  standard: 562717239.247903
  std/ave: 17.463470696745834
