_environment:
  LOGSIZE: 500
  NCPU: 7
  NPROC: '100'
  date: 2023/12/11 04:53
  forknum: '32'
  policy: default
  workload: calculation
balancing:
  _data_pid05: 3.2682326897181557
  _data_pid06: 2.989514417611262
  _data_pid07: 3.0328021511453374
  _data_pid08: 3.2713002953463493
  _data_pid09: 3.270729215986614
  _data_pid10: 3.401132361062394
  _data_pid11: 3.2702785794760616
  _data_pid12: 3.271286776251033
  _data_pid13: 3.2709934528496194
  _data_pid14: 3.2714408120037306
  _data_pid15: 3.2722372096187433
  _data_pid16: 3.2697292126027433
  _data_pid17: 3.2710843994908396
  _data_pid18: 3.270755025168582
  _data_pid19: 3.271323236841432
  _data_pid20: 3.270972559702312
  _data_pid21: 2.86186589062362
  _data_pid22: 2.4536346853840643
  _data_pid23: 2.453908754316391
  _data_pid24: 2.861498826702298
  _data_pid25: 2.8630203394297435
  _data_pid26: 3.2056130595509513
  _data_pid27: 3.271714471266503
  _data_pid28: 2.862696290811701
  _data_pid29: 2.8623054660561857
  _data_pid30: 2.86264426277821
  _data_pid31: 3.20698545256036
  _data_pid32: 3.2704047576990165
  _data_pid33: 3.206733096114451
  _data_pid34: 3.2703326558573274
  _data_pid35: 3.2712626057472853
  _data_pid36: 3.2715669902266855
  average: 3.125
  size: 32
  standard: 0.23855443628249692
  std/ave: 7.6337419610399015
  total: 100.0
clock:
  idle_average: 61515.83739837398
  idle_size: 246
  running_average: 31624184.48582996
  running_size: 247
counters:
  contextswitch: 8803
  worksteal: 0
cpu_usage:
  _data_pid00: 99.85207106874873
  _data_pid01: 99.84941806033748
  _data_pid02: 99.84385412051547
  _data_pid03: 99.78653376068678
  _data_pid04: 99.79664198396239
  _data_pid05: 99.76566754777413
  _data_pid06: 99.7528552921512
  average: 99.80672026202517
  size: 7
  standard: 0.03846064398367288
  std/ave: 0.0385351245714729
  total: 698.6470418341762
runtime:
  _data_pid00: 14.446327049021477
  _data_pid01: 14.07842371478078
  _data_pid02: 14.249756125762229
  _data_pid03: 14.307408512574483
  _data_pid04: 14.245484091642194
  _data_pid05: 14.434362239996764
  _data_pid06: 14.238238266222073
  average: 14.285714285714283
  size: 7
  standard: 0.1174114405082639
  std/ave: 0.8218800835578475
  total: 99.99999999999999
time_response:
  average: 5330512.94117647
  size: 34
  standard: 1479088.5887350268
  std/ave: 27.747584614410197
  total: 181237440
time_turnaround:
  average: 3188143871.0588236
  size: 34
  standard: 561688509.2210386
  std/ave: 17.618041466694994
  total: 108396891616
