_environment:
  LOGSIZE: 500
  NCPU: 7
  NPROC: '15000'
  date: 2023/12/11 04:47
  forknum: '32'
  policy: multiple
  workload: calculation
balancing:
  _data_pid05: 2.8796927821823104
  _data_pid06: 2.8851624551960864
  _data_pid07: 2.8858304658655185
  _data_pid08: 3.7101052316340013
  _data_pid09: 2.867657435965518
  _data_pid10: 2.885271931279821
  _data_pid11: 2.961306582930765
  _data_pid12: 2.884410994832638
  _data_pid13: 2.5804504417839196
  _data_pid14: 2.8679069588129735
  _data_pid15: 3.525079495954925
  _data_pid16: 2.8824809108205263
  _data_pid17: 4.9473345263004145
  _data_pid18: 2.885958119110326
  _data_pid19: 2.8863468624869095
  _data_pid20: 2.867537631949355
  _data_pid21: 2.885556569097532
  _data_pid22: 2.8919623659065663
  _data_pid23: 4.53510460514162
  _data_pid24: 3.2977984706579435
  _data_pid25: 2.88588747605252
  _data_pid26: 2.8855028638489078
  _data_pid27: 2.6983128066502564
  _data_pid28: 2.8682382788852583
  _data_pid29: 2.8842374855678505
  _data_pid30: 3.710587752637029
  _data_pid31: 4.643790808604483
  _data_pid32: 2.8858924334600853
  _data_pid33: 2.885587966012113
  _data_pid34: 2.8852587115263137
  _data_pid35: 2.8862927441209876
  _data_pid36: 2.8674558347245265
  average: 3.125
  size: 32
  standard: 0.5674426089292639
  std/ave: 18.158163485736445
  total: 100.0
clock:
  idle_average: 95940.14574898785
  idle_size: 247
  running_average: 31487740.097560976
  running_size: 246
counters:
  contextswitch: 9868
  worksteal: 593
cpu_usage:
  _data_pid00: 99.78166587959028
  _data_pid01: 99.7908568293955
  _data_pid02: 99.76747962490607
  _data_pid03: 99.14509408875321
  _data_pid04: 99.7905191363983
  _data_pid05: 99.79983802972252
  _data_pid06: 99.795585933291
  average: 99.69586278886527
  size: 7
  standard: 0.22506397525897756
  std/ave: 0.2257505667367716
  total: 697.8710395220569
runtime:
  _data_pid00: 14.50382245454617
  _data_pid01: 14.12410321220098
  _data_pid02: 14.238811013386563
  _data_pid03: 14.338796140337632
  _data_pid04: 14.2435709508839
  _data_pid05: 14.424666288598242
  _data_pid06: 14.126229940046517
  average: 14.285714285714288
  size: 7
  standard: 0.13375130916731154
  std/ave: 0.9362591641711805
  total: 100.00000000000001
time_response:
  average: 5589370.352941177
  size: 34
  standard: 5954404.050436075
  std/ave: 106.53085543531418
  total: 190038592
time_turnaround:
  average: 2985591328.9411764
  size: 34
  standard: 626558236.499937
  std/ave: 20.98606833515096
  total: 101510105184
