_environment:
  LOGSIZE: 500
  NCPU: 7
  NPROC: 15000
  date: 2023/12/05 05:39
  forknum: 32
  policy: multiple
  workload: calculation
balancing:
  _data_pid04: 0.038120282126303626
  _data_pid05: 3.0546088153281445
  _data_pid06: 3.0560504525437437
  _data_pid07: 3.9262420959921487
  _data_pid08: 2.6189592579501353
  _data_pid09: 2.6167674970012986
  _data_pid10: 3.05557282273809
  _data_pid11: 3.054681859446775
  _data_pid12: 3.049809335605218
  _data_pid13: 3.046782597276352
  _data_pid14: 3.7441566673350564
  _data_pid15: 3.491706570770732
  _data_pid16: 3.927936981978328
  _data_pid17: 3.495789168395246
  _data_pid18: 2.6194368877557883
  _data_pid19: 3.4914415124719906
  _data_pid20: 2.8799528920545967
  _data_pid21: 3.054573824133591
  _data_pid22: 2.6107140203435653
  _data_pid23: 3.4916077206461185
  _data_pid24: 3.49158978765891
  _data_pid25: 3.0558811826400913
  _data_pid26: 3.4916728917459743
  _data_pid27: 3.055012963625236
  _data_pid28: 2.6205500451325174
  _data_pid29: 3.491552172124765
  _data_pid30: 2.610089427520788
  _data_pid31: 2.6296350714083676
  _data_pid32: 3.446930526050446
  _data_pid33: 3.4921798266770665
  _data_pid34: 2.6188835894919134
  _data_pid35: 3.0565110241420523
  _data_pid36: 2.614600229888649
  average: 3.0303030303030303
  size: 33
  standard: 0.6631417159678301
  std/ave: 21.883676626938396
  total(for debug): 100.00000000000001
clock:
  idle_average: 96320.658436214
  idle_size: 243
  running_average: 31387714.197424892
  running_size: 233
counters:
  contextswitch: 9518
  worksteal: 0
cpu_usage:
  _data_pid00: 99.38069537406426
  _data_pid01: 99.72121008470764
  _data_pid02: 99.79291180161303
  _data_pid03: 99.76710943111823
  _data_pid04: 99.53429838695288
  _data_pid05: 99.7847473812062
  _data_pid06: 99.7856588552338
  average: 99.68097670923456
  standard: 0.14879379293808045
  std/ave: 0.14926999900101906
runtime:
  _data_pid00: 14.415612409676138
  _data_pid01: 14.394407308386864
  _data_pid02: 14.228381525859971
  _data_pid03: 14.403084249856235
  _data_pid04: 13.931995610634573
  _data_pid05: 14.219023130876673
  _data_pid06: 14.40749576470955
  average: 14.285714285714288
  standard: 0.1648140898457155
  std/ave: 1.1536986289200084
  total(for debug): 100.00000000000001
time_response:
  average: 6717443.764705882
  size: 34
  standard: 7223700.528165225
  std/ave: 107.53644959589042
time_turnaround:
  average: 3288094050.8235292
  size: 34
  standard: 672846022.029929
  std/ave: 20.46310146941841
