_environment:
  LOGSIZE: 500
  NCPU: 7
  NPROC: 100
  date: 2023/12/05 05:08
  forknum: 32
  policy: multiple
  workload: yieldrepeat
balancing:
  _data_pid05: 3.206233754946509
  _data_pid06: 2.951609092069562
  _data_pid07: 2.447791759123711
  _data_pid08: 2.9482819964746367
  _data_pid09: 2.9758493599754474
  _data_pid10: 3.0984086977068843
  _data_pid11: 2.96437427516846
  _data_pid12: 3.22606052869586
  _data_pid13: 3.2304740228523934
  _data_pid14: 3.541591410932972
  _data_pid15: 4.314020788236476
  _data_pid16: 3.4618090165648625
  _data_pid17: 3.524209033947239
  _data_pid18: 2.3948977291554066
  _data_pid19: 3.5121907498594473
  _data_pid20: 3.1998511633970597
  _data_pid21: 2.908424749245632
  _data_pid22: 2.865376206241903
  _data_pid23: 3.426025763941889
  _data_pid24: 3.2051473563849
  _data_pid25: 2.5380986395574014
  _data_pid26: 3.150284229023681
  _data_pid27: 3.414822278775303
  _data_pid28: 2.8684996021065268
  _data_pid29: 3.1778515925244917
  _data_pid30: 2.6545469853797914
  _data_pid31: 3.3016331286377376
  _data_pid32: 3.769938808601017
  _data_pid33: 3.556868890705589
  _data_pid34: 2.343429597299213
  _data_pid35: 2.823685661440184
  _data_pid36: 2.9977131310278144
  average: 3.125
  size: 32
  standard: 0.4118230149873431
  std/ave: 13.178336479594979
  total(for debug): 99.99999999999997
clock:
  idle_average: 247728.65573770492
  idle_size: 244
  running_average: 189849.3172690763
  running_size: 249
counters:
  contextswitch: 41232
  worksteal: 0
cpu_usage:
  _data_pid00: 42.100914674856455
  _data_pid01: 41.32429348303147
  _data_pid02: 45.50983528238788
  _data_pid03: 46.26986596282708
  _data_pid04: 44.87845190581032
  _data_pid05: 43.68486705961561
  _data_pid06: 43.415702871016286
  average: 43.88529366679777
  standard: 1.661114103416092
  std/ave: 3.785127008669965
runtime:
  _data_pid00: 13.701387059363535
  _data_pid01: 13.425577624535226
  _data_pid02: 14.570573808560278
  _data_pid03: 15.045601579623508
  _data_pid04: 14.712484620670363
  _data_pid05: 14.362392684192086
  _data_pid06: 14.181982623055006
  average: 14.285714285714286
  standard: 0.5262562906294465
  std/ave: 3.6837940344061253
  total(for debug): 100.0
time_response:
  average: 5409569.882352941
  size: 34
  standard: 2960844.5084672533
  std/ave: 54.73345520733726
time_turnaround:
  average: 824811958.5882353
  size: 34
  standard: 159552880.2071508
  std/ave: 19.344152148356905
