_environment:
  LOGSIZE: 500
  NCPU: 7
  NPROC: '100'
  date: 2023/12/07 03:00
  forknum: '32'
  policy: multiple
  workload: yieldrepeat
balancing:
  _data_pid05: 2.761305851784547
  _data_pid06: 3.451466267089623
  _data_pid07: 2.853761178327196
  _data_pid08: 2.7733277009973483
  _data_pid09: 3.5524896519110087
  _data_pid10: 3.270341500220511
  _data_pid11: 2.808463381845812
  _data_pid12: 2.823075574259162
  _data_pid13: 2.564439768542872
  _data_pid14: 3.62389013756715
  _data_pid15: 3.6074182115739193
  _data_pid16: 3.3863091727373686
  _data_pid17: 3.410552128332244
  _data_pid18: 3.6974824520852927
  _data_pid19: 3.219198826773787
  _data_pid20: 2.741180877687979
  _data_pid21: 2.578653446617676
  _data_pid22: 2.5353482218290213
  _data_pid23: 3.4250979016891696
  _data_pid24: 4.229166998761949
  _data_pid25: 2.895405926705243
  _data_pid26: 3.462890344794606
  _data_pid27: 2.6505852847252114
  _data_pid28: 3.0340889165192166
  _data_pid29: 3.035948650099097
  _data_pid30: 3.710567006200883
  _data_pid31: 3.439178741651125
  _data_pid32: 2.4208417685534993
  _data_pid33: 3.435193598265666
  _data_pid34: 2.8153045446575167
  _data_pid35: 2.9741789276244828
  _data_pid36: 2.8128470395698173
  average: 3.125
  size: 32
  standard: 0.4284509562913053
  std/ave: 13.710430601321768
  total: 100.0
clock:
  idle_average: 240440.6857142857
  idle_size: 245
  running_average: 194269.93548387097
  running_size: 248
counters:
  contextswitch: 40987
  worksteal: 0
cpu_usage:
  _data_pid00: 45.19358963894104
  _data_pid01: 42.539412831581075
  _data_pid02: 45.301083872539444
  _data_pid03: 46.847071808828744
  _data_pid04: 43.693268828814446
  _data_pid05: 44.98965255462307
  _data_pid06: 46.37993175828903
  average: 44.99200161337384
  size: 7
  standard: 1.3735100596934915
  std/ave: 3.052787185367669
  total: 314.9440112936169
runtime:
  _data_pid00: 14.341866853702728
  _data_pid01: 13.568749036923682
  _data_pid02: 14.327055404120106
  _data_pid03: 14.828253603898
  _data_pid04: 13.814964479088623
  _data_pid05: 14.366973257031121
  _data_pid06: 14.752137365235734
  average: 14.285714285714286
  size: 7
  standard: 0.42409722077426726
  std/ave: 2.9686805454198706
  total: 100.0
time_response:
  average: 6028320.94117647
  size: 34
  standard: 5395559.906619433
  std/ave: 89.50352775289451
  total: 204962912
time_turnaround:
  average: 806988353.882353
  size: 34
  standard: 156630359.11392546
  std/ave: 19.409246535019992
  total: 27437604032
