_environment:
  LOGSIZE: 500
  NCPU: 7
  NPROC: '100'
  date: 2023/12/11 07:07
  forknum: '32'
  policy: multiple
  workload: yieldrepeat
balancing:
  _data_pid05: 2.7717024473462453
  _data_pid06: 3.8459476438639006
  _data_pid07: 2.3261680328713945
  _data_pid08: 3.469353528327383
  _data_pid09: 2.802426588548075
  _data_pid10: 3.1643116074018374
  _data_pid11: 2.667157886344047
  _data_pid12: 3.2160683821780736
  _data_pid13: 3.077500443334923
  _data_pid14: 2.8778966266680044
  _data_pid15: 2.7442775427835384
  _data_pid16: 3.6508115434791275
  _data_pid17: 2.961889692772335
  _data_pid18: 3.285489819792945
  _data_pid19: 2.779813070750755
  _data_pid20: 3.3956018426236625
  _data_pid21: 3.083480309743333
  _data_pid22: 3.0480822499694136
  _data_pid23: 3.5756164417457907
  _data_pid24: 3.5845518743100815
  _data_pid25: 3.1887122117120152
  _data_pid26: 2.6205561688164405
  _data_pid27: 3.7106102075632252
  _data_pid28: 3.260195672226339
  _data_pid29: 2.7943846992402133
  _data_pid30: 4.023212879120094
  _data_pid31: 2.9798980260942125
  _data_pid32: 3.476776810765409
  _data_pid33: 2.707023662400112
  _data_pid34: 3.134274807166492
  _data_pid35: 2.9236048009391826
  _data_pid36: 2.852602479101398
  average: 3.125
  size: 32
  standard: 0.389164238538415
  std/ave: 12.45325563322928
  total: 100.00000000000001
clock:
  idle_average: 245213.91020408162
  idle_size: 245
  running_average: 189952.12903225806
  running_size: 248
counters:
  contextswitch: 40689
  worksteal: 743
cpu_usage:
  _data_pid00: 42.14371197766032
  _data_pid01: 45.78163119926536
  _data_pid02: 41.503195303164134
  _data_pid03: 45.33099316710371
  _data_pid04: 43.39086490434257
  _data_pid05: 43.70281353680049
  _data_pid06: 45.84106431686889
  average: 43.956324915029356
  size: 7
  standard: 1.6239775703625294
  std/ave: 3.6945253578450687
  total: 307.6942744052055
runtime:
  _data_pid00: 13.941749227772423
  _data_pid01: 14.974891434494344
  _data_pid02: 13.317987300688303
  _data_pid03: 14.947603998124933
  _data_pid04: 14.211049418440808
  _data_pid05: 14.42288790431114
  _data_pid06: 14.183830716168048
  average: 14.285714285714283
  size: 7
  standard: 0.5348754619021798
  std/ave: 3.7441282333152595
  total: 99.99999999999999
time_response:
  average: 5889531.294117647
  size: 34
  standard: 4038758.2383188284
  std/ave: 68.57520635560022
  total: 200244064
time_turnaround:
  average: 806868180.7058823
  size: 34
  standard: 157175788.83762133
  std/ave: 19.479735673814442
  total: 27433518144
