_environment:
  LOGSIZE: 500
  NCPU: 7
  NPROC: 100
  date: 2023/12/05 05:09
  forknum: 32
  policy: multiple
  workload: yieldrepeat
balancing:
  _data_pid05: 3.3966597374780876
  _data_pid06: 2.5718759098377513
  _data_pid07: 3.5727059194001676
  _data_pid08: 3.1661166071815168
  _data_pid09: 3.034590970880441
  _data_pid10: 2.7894565032233283
  _data_pid11: 3.795240780819789
  _data_pid12: 3.100421655716377
  _data_pid13: 3.5305607077680885
  _data_pid14: 2.9681494858759248
  _data_pid15: 2.820200111708564
  _data_pid16: 3.254479031569546
  _data_pid17: 3.749159301434634
  _data_pid18: 2.815992377213896
  _data_pid19: 3.533614708610993
  _data_pid20: 3.105986723919002
  _data_pid21: 3.5181411043402786
  _data_pid22: 2.782805568054337
  _data_pid23: 3.0379164384649373
  _data_pid24: 3.635482603393198
  _data_pid25: 2.704826746532182
  _data_pid26: 3.721469693792302
  _data_pid27: 2.713377948892314
  _data_pid28: 3.7009739548021447
  _data_pid29: 2.6613920678775442
  _data_pid30: 2.784162901762294
  _data_pid31: 2.700143945239729
  _data_pid32: 3.349017324328782
  _data_pid33: 3.0153846989128437
  _data_pid34: 2.749347292153186
  _data_pid35: 2.9249862739628782
  _data_pid36: 2.7953609048529433
  average: 3.125
  size: 32
  standard: 0.37668470678059424
  std/ave: 12.053910616979016
  total(for debug): 100.0
clock:
  idle_average: 251542.8943089431
  idle_size: 246
  running_average: 190895.8056680162
  running_size: 247
counters:
  contextswitch: 40840
  worksteal: 0
cpu_usage:
  _data_pid00: 42.922778456390304
  _data_pid01: 41.65793585148424
  _data_pid02: 44.478218065468866
  _data_pid03: 43.96252424678775
  _data_pid04: 44.30286593130364
  _data_pid05: 42.770227997661564
  _data_pid06: 42.634717657109405
  average: 43.24581410085017
  standard: 0.9543271305751453
  std/ave: 2.206750295761883
runtime:
  _data_pid00: 14.189498716301646
  _data_pid01: 13.843175020716306
  _data_pid02: 14.717433662011691
  _data_pid03: 14.566158820259833
  _data_pid04: 14.544916547730299
  _data_pid05: 14.150678972254063
  _data_pid06: 13.98813826072616
  average: 14.285714285714283
  standard: 0.3033388093612
  std/ave: 2.1233716655284005
  total(for debug): 99.99999999999999
time_response:
  average: 6085194.352941177
  size: 34
  standard: 5459593.726408596
  std/ave: 89.71929916699855
time_turnaround:
  average: 820186240.0
  size: 34
  standard: 157022593.67119798
  std/ave: 19.14474859651364
