_environment:
  LOGSIZE: 500
  NCPU: 7
  NPROC: 100
  date: 2023/12/05 06:08
  forknum: 32
  policy: multiple
  workload: yieldrepeat
balancing:
  _data_pid05: 3.5032651912076744
  _data_pid06: 3.41461404821908
  _data_pid07: 2.881059144252096
  _data_pid08: 2.9050244803504843
  _data_pid09: 3.4828706215193614
  _data_pid10: 2.5291326471052757
  _data_pid11: 2.779292301564957
  _data_pid12: 2.9002863479986543
  _data_pid13: 2.1867510832469255
  _data_pid14: 2.7593097433854985
  _data_pid15: 2.9802852493012972
  _data_pid16: 2.927959787676736
  _data_pid17: 4.7929298825080515
  _data_pid18: 3.7261634174981286
  _data_pid19: 2.926517747395744
  _data_pid20: 2.738297156433903
  _data_pid21: 2.773318134686562
  _data_pid22: 3.318409360901481
  _data_pid23: 3.018258976700749
  _data_pid24: 4.683472158322289
  _data_pid25: 3.214376454915641
  _data_pid26: 3.107802811291862
  _data_pid27: 2.7422112657680238
  _data_pid28: 2.757181017256415
  _data_pid29: 2.8494029266550847
  _data_pid30: 4.427956354247495
  _data_pid31: 2.6687358800222487
  _data_pid32: 2.834295837997075
  _data_pid33: 2.8715828795484355
  _data_pid34: 3.075253902092332
  _data_pid35: 3.1588235698050497
  _data_pid36: 3.065159620125389
  average: 3.1249999999999996
  size: 32
  standard: 0.5707259359598509
  std/ave: 18.263229950715232
  total(for debug): 100.00000000000001
clock:
  idle_average: 253877.28979591836
  idle_size: 245
  running_average: 188975.35483870967
  running_size: 248
counters:
  contextswitch: 40164
  worksteal: 0
cpu_usage:
  _data_pid00: 41.74668514572947
  _data_pid01: 43.28257323301845
  _data_pid02: 43.35500527818921
  _data_pid03: 42.78172851895876
  _data_pid04: 41.863693584722775
  _data_pid05: 44.53121320887225
  _data_pid06: 43.21556936564922
  average: 42.97027820557244
  standard: 0.8863641162338551
  std/ave: 2.0627376718238475
runtime:
  _data_pid00: 13.858419111840526
  _data_pid01: 14.466479430325421
  _data_pid02: 14.55231516133684
  _data_pid03: 14.285331703598922
  _data_pid04: 13.998365687681543
  _data_pid05: 14.934730510138916
  _data_pid06: 13.904358395077837
  average: 14.285714285714288
  standard: 0.36558308964775377
  std/ave: 2.5590816275342756
  total(for debug): 100.00000000000001
time_response:
  average: 4807721.411764706
  size: 34
  standard: 2109874.059918076
  std/ave: 43.885114781299954
time_turnaround:
  average: 807846606.117647
  size: 34
  standard: 167423470.34680408
  std/ave: 20.724660978822275
