_environment:
  LOGSIZE: 500
  NCPU: 7
  NPROC: 100
  date: 2023/12/05 05:08
  forknum: 32
  policy: multiple
  workload: yieldrepeat
balancing:
  _data_pid04: 0.06834412535285996
  _data_pid05: 3.1821490902759404
  _data_pid06: 4.006871429413612
  _data_pid07: 3.0198917736157402
  _data_pid08: 2.657606214448373
  _data_pid09: 2.3602372919000216
  _data_pid10: 3.1801611468103106
  _data_pid11: 2.876417095217008
  _data_pid12: 3.542789454851062
  _data_pid13: 3.4469568698527686
  _data_pid14: 2.8470777916552987
  _data_pid15: 2.669945173890213
  _data_pid16: 3.672417078765062
  _data_pid17: 3.698740192240988
  _data_pid18: 3.127240720759751
  _data_pid19: 3.3465999997258007
  _data_pid20: 3.2137505364019865
  _data_pid21: 3.402947914510205
  _data_pid22: 2.924196288166801
  _data_pid23: 2.848722986247544
  _data_pid24: 3.6408156326390153
  _data_pid25: 2.7233454483635113
  _data_pid26: 3.327611712140302
  _data_pid27: 3.264271720338855
  _data_pid28: 3.8139723634728417
  _data_pid29: 2.6478721464442545
  _data_pid30: 2.7755118268926253
  _data_pid31: 3.7343860750729716
  _data_pid32: 2.7752376277939175
  _data_pid33: 3.0685621136363324
  _data_pid34: 3.0015889837770104
  _data_pid35: 2.772906935454903
  _data_pid36: 2.3608542398721135
  average: 3.0303030303030303
  size: 33
  standard: 0.6670138305831845
  std/ave: 22.01145640924509
  total(for debug): 100.0
clock:
  idle_average: 250146.9918699187
  idle_size: 246
  running_average: 192766.17142857143
  running_size: 245
counters:
  contextswitch: 41100
  worksteal: 0
cpu_usage:
  _data_pid00: 46.8921361331775
  _data_pid01: 41.42593667322749
  _data_pid02: 44.18974554738713
  _data_pid03: 43.456852510337775
  _data_pid04: 43.03530936183997
  _data_pid05: 40.76771665766319
  _data_pid06: 44.13919752136489
  average: 43.422242268094315
  standard: 1.8641699317544347
  std/ave: 4.29312222119903
runtime:
  _data_pid00: 14.465579101641493
  _data_pid01: 13.817989380268909
  _data_pid02: 14.759520535456
  _data_pid03: 14.50177338267089
  _data_pid04: 14.206666602686877
  _data_pid05: 13.502112018557794
  _data_pid06: 14.746358978718039
  average: 14.285714285714286
  standard: 0.4399296075724167
  std/ave: 3.0795072530069167
  total(for debug): 100.0
time_response:
  average: 6263003.294117647
  size: 34
  standard: 5711849.703730407
  std/ave: 91.19985150087825
time_turnaround:
  average: 821129389.1764706
  size: 34
  standard: 158361461.44942
  std/ave: 19.285810925394394
