_environment:
  LOGSIZE: 500
  NCPU: 7
  NPROC: 100
  date: 2023/12/05 05:08
  forknum: 32
  policy: multiple
  workload: yieldrepeat
balancing:
  _data_pid05: 2.6481031607950345
  _data_pid06: 2.824299072942559
  _data_pid07: 3.7354606513681845
  _data_pid08: 2.4983332819121182
  _data_pid09: 3.152813567688876
  _data_pid10: 3.1579780462710456
  _data_pid11: 2.7212777859008392
  _data_pid12: 2.70974154802898
  _data_pid13: 3.3658315414157647
  _data_pid14: 3.7789227568389103
  _data_pid15: 3.915680832540776
  _data_pid16: 3.542698165067467
  _data_pid17: 3.2024462189980376
  _data_pid18: 3.186751569800275
  _data_pid19: 3.5920625317749573
  _data_pid20: 2.9430150091820404
  _data_pid21: 2.566008072683664
  _data_pid22: 2.9230278063575406
  _data_pid23: 3.467578476599546
  _data_pid24: 2.8084032102935437
  _data_pid25: 3.4102997141427567
  _data_pid26: 3.1854772179423376
  _data_pid27: 2.375123578594645
  _data_pid28: 2.891705579112434
  _data_pid29: 3.205531491917256
  _data_pid30: 3.6953521034183487
  _data_pid31: 4.105626330523946
  _data_pid32: 2.939795593961987
  _data_pid33: 2.751459803588843
  _data_pid34: 2.9143756279536457
  _data_pid35: 2.800287601092992
  _data_pid36: 2.98453205129065
  average: 3.125
  size: 32
  standard: 0.42852543974507673
  std/ave: 13.712814071842455
  total(for debug): 100.0
clock:
  idle_average: 247992.293877551
  idle_size: 245
  running_average: 194770.1935483871
  running_size: 248
counters:
  contextswitch: 40967
  worksteal: 0
cpu_usage:
  _data_pid00: 43.74956147048748
  _data_pid01: 45.55707886632742
  _data_pid02: 46.178197872044166
  _data_pid03: 43.81874671657473
  _data_pid04: 45.200737208890935
  _data_pid05: 43.98198146406764
  _data_pid06: 41.55066695572854
  average: 44.289851415426504
  standard: 1.41991946222089
  std/ave: 3.205970254680784
runtime:
  _data_pid00: 14.219016817420254
  _data_pid01: 14.843449227809845
  _data_pid02: 13.883661065331324
  _data_pid03: 14.321501535258632
  _data_pid04: 14.738684090857262
  _data_pid05: 14.367713557896488
  _data_pid06: 13.625973705426189
  average: 14.285714285714286
  standard: 0.4010000882525699
  std/ave: 2.807000617767989
  total(for debug): 100.0
time_response:
  average: 6324679.529411765
  size: 34
  standard: 5886133.629479233
  std/ave: 93.06611666420166
time_turnaround:
  average: 822870917.6470588
  size: 34
  standard: 159087743.28185526
  std/ave: 19.333256270224666
