_environment:
  LOGSIZE: 500
  NCPU: 7
  NPROC: 100
  date: 2023/12/05 06:08
  forknum: 32
  policy: multiple
  workload: yieldrepeat
balancing:
  _data_pid05: 2.989278731643467
  _data_pid06: 3.053761872089398
  _data_pid07: 2.8874270263499997
  _data_pid08: 2.846411069353441
  _data_pid09: 2.885981833234349
  _data_pid10: 3.400883494724701
  _data_pid11: 3.094777829085957
  _data_pid12: 2.9004337643908547
  _data_pid13: 2.516150033067395
  _data_pid14: 4.184659894445848
  _data_pid15: 3.225533396692435
  _data_pid16: 2.711870472158355
  _data_pid17: 4.3858858311202376
  _data_pid18: 3.2848551331539
  _data_pid19: 2.742770077345359
  _data_pid20: 2.574370670012174
  _data_pid21: 2.569071628588122
  _data_pid22: 2.8934142549719803
  _data_pid23: 3.7476610237610397
  _data_pid24: 4.780561189132423
  _data_pid25: 3.2533361594887595
  _data_pid26: 3.0018725573655645
  _data_pid27: 2.7819967476273026
  _data_pid28: 2.8431765895231758
  _data_pid29: 2.7397420536744725
  _data_pid30: 4.428209343792862
  _data_pid31: 3.5680441651016146
  _data_pid32: 2.8850871898770416
  _data_pid33: 2.7779364431595224
  _data_pid34: 2.5492518372877715
  _data_pid35: 2.954112365829303
  _data_pid36: 2.5414753219511756
  average: 3.125
  size: 32
  standard: 0.5788842565804655
  std/ave: 18.524296210574896
  total(for debug): 99.99999999999999
clock:
  idle_average: 240719.868852459
  idle_size: 244
  running_average: 192680.7389558233
  running_size: 249
counters:
  contextswitch: 40164
  worksteal: 0
cpu_usage:
  _data_pid00: 45.730552672139915
  _data_pid01: 44.711865186489376
  _data_pid02: 47.18587136899222
  _data_pid03: 42.729716002878064
  _data_pid04: 44.38986610330128
  _data_pid05: 45.022565882909895
  _data_pid06: 44.9117179035753
  average: 44.959316729769164
  standard: 1.24872747956171
  std/ave: 2.7774609811516178
runtime:
  _data_pid00: 15.007504681393414
  _data_pid01: 14.715231578433038
  _data_pid02: 14.658524953323704
  _data_pid03: 13.895531806980008
  _data_pid04: 13.402652135823379
  _data_pid05: 14.725898480000934
  _data_pid06: 13.594656364045521
  average: 14.285714285714286
  standard: 0.5913445426923983
  std/ave: 4.139411798846788
  total(for debug): 100.0
time_response:
  average: 5540809.411764706
  size: 34
  standard: 6317446.093661947
  std/ave: 114.0166647899533
time_turnaround:
  average: 801773774.117647
  size: 34
  standard: 167145974.6400931
  std/ave: 20.84702443953563
