_environment:
  LOGSIZE: 500
  NCPU: 7
  NPROC: 100
  date: 2023/12/05 05:08
  forknum: 32
  policy: multiple
  workload: yieldrepeat
balancing:
  _data_pid05: 3.0015486414191184
  _data_pid06: 3.0161079310356667
  _data_pid07: 3.5107803985262156
  _data_pid08: 2.944753676735697
  _data_pid09: 2.895925115804727
  _data_pid10: 2.814544180919776
  _data_pid11: 2.823403371299657
  _data_pid12: 2.5232897126943956
  _data_pid13: 2.8606943819684574
  _data_pid14: 3.3678658622430233
  _data_pid15: 3.493954804393884
  _data_pid16: 3.531932574006861
  _data_pid17: 3.7293757704576906
  _data_pid18: 3.6087122239658274
  _data_pid19: 2.7447694721914133
  _data_pid20: 3.080457244105033
  _data_pid21: 2.7493020812229805
  _data_pid22: 2.9059517963897084
  _data_pid23: 2.8212744185727088
  _data_pid24: 2.8456543610909852
  _data_pid25: 3.713580314741624
  _data_pid26: 3.562836726494817
  _data_pid27: 2.771896450486397
  _data_pid28: 3.413604007925198
  _data_pid29: 3.250361406894373
  _data_pid30: 3.8474983088561
  _data_pid31: 3.248850537217184
  _data_pid32: 2.8497062388616285
  _data_pid33: 3.795510656781916
  _data_pid34: 2.910484405421275
  _data_pid35: 2.6548040505042527
  _data_pid36: 2.710568876771409
  average: 3.125
  size: 32
  standard: 0.37953330884801295
  std/ave: 12.145065883136414
  total(for debug): 99.99999999999999
clock:
  idle_average: 250100.162601626
  idle_size: 246
  running_average: 188646.47773279352
  running_size: 247
counters:
  contextswitch: 40962
  worksteal: 0
cpu_usage:
  _data_pid00: 43.612701674718465
  _data_pid01: 44.39824165379589
  _data_pid02: 43.83192307295907
  _data_pid03: 43.835944512358935
  _data_pid04: 42.911529569414405
  _data_pid05: 40.7477342951807
  _data_pid06: 42.349048629725075
  average: 43.0961358604932
  standard: 1.143817425855018
  std/ave: 2.65410669197275
runtime:
  _data_pid00: 14.457786644598814
  _data_pid01: 14.628583594015582
  _data_pid02: 14.60351689255313
  _data_pid03: 14.455657691871865
  _data_pid04: 14.250866174718343
  _data_pid05: 13.530593394065715
  _data_pid06: 14.072995608176553
  average: 14.285714285714286
  standard: 0.35731512804218474
  std/ave: 2.5012058962952928
  total(for debug): 100.0
time_response:
  average: 6627970.823529412
  size: 34
  standard: 6556289.626710202
  std/ave: 98.91850464149992
time_turnaround:
  average: 821329180.2352941
  size: 34
  standard: 158789699.9690106
  std/ave: 19.333259281439457
