_environment:
  LOGSIZE: 500
  NCPU: 7
  NPROC: 100
  date: 2023/12/05 05:08
  forknum: 32
  policy: multiple
  workload: yieldrepeat
balancing:
  _data_pid05: 3.237693554797673
  _data_pid06: 3.4050756873184302
  _data_pid07: 2.767097767282154
  _data_pid08: 3.0063907058185606
  _data_pid09: 3.268014920297149
  _data_pid10: 2.6675289589527926
  _data_pid11: 2.9807131530532387
  _data_pid12: 3.0746137781923824
  _data_pid13: 2.7072745326480523
  _data_pid14: 3.3753006527288547
  _data_pid15: 3.290551070330544
  _data_pid16: 3.832169876133124
  _data_pid17: 3.5936281425978307
  _data_pid18: 2.553209216056119
  _data_pid19: 3.70808446822198
  _data_pid20: 2.8744517910775964
  _data_pid21: 2.673060559415535
  _data_pid22: 2.9436992339074814
  _data_pid23: 3.729869413254261
  _data_pid24: 2.9520307802834638
  _data_pid25: 3.493513003358569
  _data_pid26: 3.6787874731785672
  _data_pid27: 2.6865139580718345
  _data_pid28: 2.8312916491954594
  _data_pid29: 3.4002270004930635
  _data_pid30: 3.738269250993981
  _data_pid31: 2.7013331840028845
  _data_pid32: 3.4756206660593287
  _data_pid33: 2.9096218434024395
  _data_pid34: 2.9203435875092363
  _data_pid35: 2.7077525721942153
  _data_pid36: 2.8162675491731965
  average: 3.125
  size: 32
  standard: 0.3818637447055634
  std/ave: 12.219639830578028
  total(for debug): 99.99999999999997
clock:
  idle_average: 245256.2914979757
  idle_size: 247
  running_average: 190479.86991869917
  running_size: 246
counters:
  contextswitch: 40786
  worksteal: 0
cpu_usage:
  _data_pid00: 43.58879295538045
  _data_pid01: 41.540592526030935
  _data_pid02: 44.837319646516555
  _data_pid03: 42.28888252879278
  _data_pid04: 45.64179797067463
  _data_pid05: 44.77580530899696
  _data_pid06: 42.61994054184657
  average: 43.614705011577456
  standard: 1.4143156828106396
  std/ave: 3.242749624089425
runtime:
  _data_pid00: 14.211364502422294
  _data_pid01: 13.701569472121417
  _data_pid02: 14.687901638582982
  _data_pid03: 13.824084178666599
  _data_pid04: 15.046158132750218
  _data_pid05: 14.67560919311022
  _data_pid06: 13.853312882346271
  average: 14.285714285714286
  standard: 0.48386449298569467
  std/ave: 3.3870514508998624
  total(for debug): 100.0
time_response:
  average: 6097822.117647059
  size: 34
  standard: 5699079.237767716
  std/ave: 93.46089682207383
time_turnaround:
  average: 814432938.3529412
  size: 34
  standard: 157378892.78257996
  std/ave: 19.323738686312627
