_environment:
  LOGSIZE: 500
  NCPU: 7
  NPROC: 100
  date: 2023/12/05 05:08
  forknum: 32
  policy: multiple
  workload: yieldrepeat
balancing:
  _data_pid05: 2.855129736850167
  _data_pid06: 2.8310217651031118
  _data_pid07: 3.5743730928396658
  _data_pid08: 2.6893707819374018
  _data_pid09: 3.0275483524665385
  _data_pid10: 2.9965809301947686
  _data_pid11: 2.559840381252256
  _data_pid12: 2.661400206982255
  _data_pid13: 3.8195817999464565
  _data_pid14: 2.9034122769513138
  _data_pid15: 3.0145620140945057
  _data_pid16: 3.4296586657502974
  _data_pid17: 4.059262988669253
  _data_pid18: 2.663930878049625
  _data_pid19: 3.892838067686127
  _data_pid20: 2.701091784775749
  _data_pid21: 2.746177687739165
  _data_pid22: 2.671189908216556
  _data_pid23: 3.9620319423965986
  _data_pid24: 3.615063619738702
  _data_pid25: 2.8330862599212296
  _data_pid26: 3.4484389089344676
  _data_pid27: 2.2086764723510868
  _data_pid28: 3.174460467588097
  _data_pid29: 2.8410112561585215
  _data_pid30: 3.2753543272477357
  _data_pid31: 3.269893405470778
  _data_pid32: 3.435119587527255
  _data_pid33: 3.303524692023991
  _data_pid34: 3.3950950266985793
  _data_pid35: 3.4936580051119557
  _data_pid36: 2.647614709325789
  average: 3.125
  size: 32
  standard: 0.45462047959086294
  std/ave: 14.547855346907616
  total(for debug): 99.99999999999999
clock:
  idle_average: 249072.19591836736
  idle_size: 245
  running_average: 194578.83870967742
  running_size: 248
counters:
  contextswitch: 41148
  worksteal: 0
cpu_usage:
  _data_pid00: 44.625727251093444
  _data_pid01: 44.44618618110715
  _data_pid02: 44.16200361102686
  _data_pid03: 46.68521792224562
  _data_pid04: 41.66899223700855
  _data_pid05: 43.465873441990304
  _data_pid06: 44.086467363329604
  average: 44.15842714889991
  standard: 1.381921750819198
  std/ave: 3.1294632532074345
runtime:
  _data_pid00: 14.486693331948125
  _data_pid01: 14.350769656987516
  _data_pid02: 14.021782418229357
  _data_pid03: 15.07227729761624
  _data_pid04: 13.623068531904437
  _data_pid05: 14.071530083685296
  _data_pid06: 14.37387867962903
  average: 14.285714285714286
  standard: 0.418451807861566
  std/ave: 2.9291626550309617
  total(for debug): 100.0
time_response:
  average: 6283042.823529412
  size: 34
  standard: 5665633.5211320855
  std/ave: 90.17340292373646
time_turnaround:
  average: 822692921.4117647
  size: 34
  standard: 158569150.29870126
  std/ave: 19.274403142619974
