_environment:
  LOGSIZE: 500
  NCPU: 7
  NPROC: 100
  date: 2023/12/05 05:09
  forknum: 32
  policy: multiple
  workload: yieldrepeat
balancing:
  _data_pid05: 3.2576427679967037
  _data_pid06: 4.063285498296222
  _data_pid07: 2.6865977077417904
  _data_pid08: 2.9349952407301942
  _data_pid09: 2.9215319598094136
  _data_pid10: 2.7116394102544428
  _data_pid11: 2.827356309768553
  _data_pid12: 3.0564340346356365
  _data_pid13: 2.7078023751920197
  _data_pid14: 3.811791410696038
  _data_pid15: 3.0166500395147295
  _data_pid16: 3.3384224535213884
  _data_pid17: 3.9666191412850162
  _data_pid18: 2.7426049563722383
  _data_pid19: 3.21462758545481
  _data_pid20: 3.081004522316061
  _data_pid21: 2.782254318683937
  _data_pid22: 3.7655450407331563
  _data_pid23: 4.3119522969030415
  _data_pid24: 2.4730700723382086
  _data_pid25: 2.7221407693726514
  _data_pid26: 3.470564555758851
  _data_pid27: 2.9406498187169223
  _data_pid28: 3.0466731559680706
  _data_pid29: 2.6677491144526977
  _data_pid30: 3.370330429303639
  _data_pid31: 3.5596914754544193
  _data_pid32: 3.075080678710918
  _data_pid33: 2.8498399889062562
  _data_pid34: 3.012745688047703
  _data_pid35: 2.7665695964112276
  _data_pid36: 2.846137586653042
  average: 3.125
  size: 32
  standard: 0.4485431334906671
  std/ave: 14.353380271701347
  total(for debug): 100.00000000000001
clock:
  idle_average: 247706.17004048583
  idle_size: 247
  running_average: 195384.9756097561
  running_size: 246
counters:
  contextswitch: 40857
  worksteal: 0
cpu_usage:
  _data_pid00: 43.56431978182671
  _data_pid01: 42.43394977486128
  _data_pid02: 43.544596872318614
  _data_pid03: 43.72952871930847
  _data_pid04: 45.66038663574455
  _data_pid05: 42.90702349054236
  _data_pid06: 46.166447211537466
  average: 43.99590627310337
  standard: 1.2855249475519959
  std/ave: 2.9219194612610893
runtime:
  _data_pid00: 14.25882619038964
  _data_pid01: 13.8235583182208
  _data_pid02: 14.382284476433199
  _data_pid03: 14.343779492999767
  _data_pid04: 14.050549234545162
  _data_pid05: 14.153677966398343
  _data_pid06: 14.987324321013084
  average: 14.285714285714286
  standard: 0.3363674246446414
  std/ave: 2.3545719725124896
  total(for debug): 100.0
time_response:
  average: 5581489.882352941
  size: 34
  standard: 4239601.828497548
  std/ave: 75.95824623640266
time_turnaround:
  average: 826384295.5294118
  size: 34
  standard: 159352360.23996207
  std/ave: 19.28308186663629
