_environment:
  LOGSIZE: 500
  NCPU: 7
  NPROC: 100
  date: 2023/12/05 05:09
  forknum: 32
  policy: multiple
  workload: yieldrepeat
balancing:
  _data_pid04: 0.13685891728631827
  _data_pid05: 3.3546808683377645
  _data_pid06: 2.4791522115404954
  _data_pid07: 3.2786784586383835
  _data_pid08: 3.1274923366511045
  _data_pid09: 3.340080764499643
  _data_pid10: 3.438529128230529
  _data_pid11: 2.8236191474221606
  _data_pid12: 2.8495445654524705
  _data_pid13: 2.85663994301866
  _data_pid14: 3.304876775805854
  _data_pid15: 3.3374199979123214
  _data_pid16: 3.491130436918341
  _data_pid17: 3.579481532574264
  _data_pid18: 4.152910844534137
  _data_pid19: 2.8087461444468778
  _data_pid20: 2.7669925764612215
  _data_pid21: 2.7393615388236547
  _data_pid22: 3.2973720495339225
  _data_pid23: 3.027679477234413
  _data_pid24: 3.946053298565983
  _data_pid25: 3.224439755127604
  _data_pid26: 2.468713819544081
  _data_pid27: 2.8962103179070273
  _data_pid28: 2.8796316953244876
  _data_pid29: 3.627238881577466
  _data_pid30: 2.7117987259703784
  _data_pid31: 3.4488310706583625
  _data_pid32: 3.0612460711052347
  _data_pid33: 2.859710058311723
  _data_pid34: 2.983469817014306
  _data_pid35: 2.893686000888287
  _data_pid36: 2.8077227726825233
  average: 3.0303030303030303
  size: 33
  standard: 0.6373329341463646
  std/ave: 21.031986826830032
  total(for debug): 100.0
clock:
  idle_average: 251727.60975609755
  idle_size: 246
  running_average: 192726.59591836735
  running_size: 245
counters:
  contextswitch: 41140
  worksteal: 0
cpu_usage:
  _data_pid00: 41.816073664279855
  _data_pid01: 44.446417056427585
  _data_pid02: 44.12751781172834
  _data_pid03: 45.49552419810691
  _data_pid04: 42.57139862597334
  _data_pid05: 41.01620591432337
  _data_pid06: 43.34636284463126
  average: 43.26252030730178
  standard: 1.45204061160665
  std/ave: 3.356347714586515
runtime:
  _data_pid00: 14.013984716283822
  _data_pid01: 14.053009292897869
  _data_pid02: 14.666964126726173
  _data_pid03: 15.100737305243825
  _data_pid04: 14.132900515301797
  _data_pid05: 13.566907704829564
  _data_pid06: 14.465496338716951
  average: 14.285714285714283
  standard: 0.4644442257691151
  std/ave: 3.2511095803838064
  total(for debug): 99.99999999999999
time_response:
  average: 7377692.235294118
  size: 34
  standard: 8542404.7771621
  std/ave: 115.78694942432158
time_turnaround:
  average: 821732336.0
  size: 34
  standard: 157526270.623986
  std/ave: 19.170022125548435
