_environment:
  LOGSIZE: 500
  NCPU: 7
  NPROC: 100
  date: 2023/12/05 05:09
  forknum: 32
  policy: multiple
  workload: yieldrepeat
balancing:
  _data_pid04: 0.05851363320789278
  _data_pid05: 2.869912945907025
  _data_pid06: 2.6233389057414995
  _data_pid07: 3.404837350175976
  _data_pid08: 3.043378419181224
  _data_pid09: 2.9650478117976604
  _data_pid10: 2.75194839017212
  _data_pid11: 2.9483105025276686
  _data_pid12: 2.764267049794834
  _data_pid13: 2.824521363166806
  _data_pid14: 4.376873323340044
  _data_pid15: 3.4022932791669374
  _data_pid16: 3.6046808228596827
  _data_pid17: 3.5937011479785683
  _data_pid18: 3.205261674440589
  _data_pid19: 3.0619233578523755
  _data_pid20: 3.033269084382149
  _data_pid21: 2.746190755783242
  _data_pid22: 2.540656597947738
  _data_pid23: 3.757927626535732
  _data_pid24: 3.387497497772264
  _data_pid25: 2.755630598211518
  _data_pid26: 3.3479304986580027
  _data_pid27: 3.0125817701244384
  _data_pid28: 3.108118331437554
  _data_pid29: 3.2690642973777995
  _data_pid30: 3.0122470239390386
  _data_pid31: 2.846614611403196
  _data_pid32: 3.8989227198261465
  _data_pid33: 3.4490907958858354
  _data_pid34: 2.6724796457581967
  _data_pid35: 2.931974888680156
  _data_pid36: 2.7309932789660896
  average: 3.0303030303030307
  size: 33
  standard: 0.6606684537509715
  std/ave: 21.802058973782056
  total(for debug): 100.00000000000003
clock:
  idle_average: 246445.0612244898
  idle_size: 245
  running_average: 196399.73983739837
  running_size: 246
counters:
  contextswitch: 40925
  worksteal: 0
cpu_usage:
  _data_pid00: 43.67684946632315
  _data_pid01: 42.271463099692085
  _data_pid02: 45.53742772502282
  _data_pid03: 43.90679014629294
  _data_pid04: 43.38458486671227
  _data_pid05: 45.79470603217464
  _data_pid06: 46.574606812046625
  average: 44.45011994107166
  standard: 1.4282186486552075
  std/ave: 3.2130816532072877
runtime:
  _data_pid00: 14.300758735703829
  _data_pid01: 13.322295635780081
  _data_pid02: 14.72675673124367
  _data_pid03: 14.302499415867906
  _data_pid04: 14.05672876654734
  _data_pid05: 14.806158526420512
  _data_pid06: 14.484802188436664
  average: 14.285714285714286
  standard: 0.46076560179029014
  std/ave: 3.2253592125320307
  total(for debug): 100.0
time_response:
  average: 6374752.0
  size: 34
  standard: 6241560.982933375
  std/ave: 97.91064786415808
time_turnaround:
  average: 820430810.3529412
  size: 34
  standard: 158173442.7939279
  std/ave: 19.279315305806623
