_environment:
  LOGSIZE: 500
  NCPU: 8
  NPROC: 100
  date: 2023/12/07 01:23
  forknum: 32
  policy: default
  workload: yieldrepeat
balancing:
  _data_pid05: 3.9738214896405664
  _data_pid06: 3.6521452317093286
  _data_pid07: 4.721853327431017
  _data_pid08: 3.85039363244191
  _data_pid09: 3.581317431797863
  _data_pid10: 4.55051254676284
  _data_pid11: 4.101242090461683
  _data_pid12: 3.4604935378312462
  _data_pid13: 3.218672152349209
  _data_pid14: 3.129269414715864
  _data_pid15: 2.6261837182858976
  _data_pid16: 2.4095339773802396
  _data_pid17: 2.7685337083040387
  _data_pid18: 3.0204237516166272
  _data_pid19: 2.8261680945065053
  _data_pid20: 3.1646833146715965
  _data_pid21: 2.738501332361187
  _data_pid22: 1.9187737069152582
  _data_pid23: 2.2033000894027377
  _data_pid24: 3.2809936723693465
  _data_pid25: 2.31648569122204
  _data_pid26: 1.9343974863074935
  _data_pid27: 2.0211962607087988
  _data_pid28: 3.387061774687741
  _data_pid29: 3.198882031785711
  _data_pid30: 2.8423126665451486
  _data_pid31: 2.7173224314072684
  _data_pid32: 2.7619370014495397
  _data_pid33: 3.342100009547865
  _data_pid34: 3.5334045083283425
  _data_pid35: 3.276653733649281
  _data_pid36: 3.4714301834058103
  average: 3.125
  size: 32
  standard: 0.68364045707213
  std/ave: 21.87649462630816
  total: 100.00000000000003
clock:
  idle_average: 322551.08196721313
  idle_size: 244
  running_average: 80551.1967871486
  running_size: 249
counters:
  contextswitch: 39763
  worksteal: 0
cpu_usage:
  _data_pid00: 24.47604596117041
  _data_pid01: 16.467901435959387
  _data_pid02: 16.564056391962893
  _data_pid03: 24.73408564434694
  _data_pid04: 17.028121309049464
  _data_pid05: 18.809070369888452
  _data_pid06: 23.954857574373925
  average: 20.290591240964496
  size: 7
  standard: 3.6258625567706515
  std/ave: 17.86967424315576
  total: 142.03413868675148
runtime:
  _data_pid00: 14.497825690701246
  _data_pid01: 12.968431285750246
  _data_pid02: 12.615160273936931
  _data_pid03: 17.380586586117406
  _data_pid04: 12.864272756468678
  _data_pid05: 13.80187311755158
  _data_pid06: 15.871850289473914
  average: 14.285714285714286
  size: 7
  standard: 1.644021060504806
  std/ave: 11.508147423533641
  total: 100.0
time_response:
  average: 5288411.294117647
  size: 34
  standard: 1405972.9279564118
  std/ave: 26.58592249661613
  total: 179805984
time_turnaround:
  average: 996246085.6470588
  size: 34
  standard: 178276065.4942721
  std/ave: 17.89478202852685
  total: 33872366912
