_environment:
  LOGSIZE: 500
  NCPU: 7
  NPROC: '5000'
  date: 2023/12/11 04:36
  forknum: ''
  policy: multiple
  workload: largewrite
balancing:
  _data_pid04: 100.0
  average: 100.0
  size: 1
  standard: 0.0
  std/ave: 0.0
  total: 100.0
clock:
  idle_average: 2827964.8198757763
  idle_size: 161
  running_average: 2235944.0
  running_size: 4
counters:
  contextswitch: 3615
  worksteal: 1808
cpu_usage:
  _data_pid00: 10.257522638472004
  _data_pid02: 0.2805002434844226
  _data_pid05: 0.7314136029196249
  average: 3.756478828292017
  size: 3
  standard: 4.600616529759095
  std/ave: 122.47151494930392
  total: 11.269436484876051
runtime:
  _data_pid00: 32.73378624367334
  _data_pid01: 13.962601900243627
  _data_pid02: 12.672293216060595
  _data_pid03: 12.496539928763777
  _data_pid04: 14.825053298845663
  _data_pid05: 8.04867564054855
  _data_pid06: 5.2610497718644424
  average: 14.285714285714286
  size: 7
  standard: 8.166798115603452
  std/ave: 57.16758680922416
  total: 100.0
time_response:
  average: 2907088.0
  size: 2
  standard: 10992.0
  std/ave: 0.37811032896149
  total: 5814176
time_turnaround:
  average: 379386640.0
  size: 2
  standard: 373320272.0
  std/ave: 98.40100642447504
  total: 758773280
