_environment:
  LOGSIZE: 500
  NCPU: 7
  NPROC: '100'
  date: 2023/12/07 03:00
  forknum: '32'
  policy: default
  workload: yieldrepeat
balancing:
  _data_pid05: 3.620803057122637
  _data_pid06: 3.2469429554789335
  _data_pid07: 3.257879105547909
  _data_pid08: 3.2794389442553182
  _data_pid09: 4.300562899267122
  _data_pid10: 4.870336317860764
  _data_pid11: 3.3466181518218847
  _data_pid12: 3.0432181027654397
  _data_pid13: 3.1882002065370054
  _data_pid14: 2.597960564242851
  _data_pid15: 2.9491672121722474
  _data_pid16: 3.043530564195982
  _data_pid17: 2.597648102812309
  _data_pid18: 2.843399017933724
  _data_pid19: 2.8540227065721577
  _data_pid20: 4.1704227134463085
  _data_pid21: 2.8127777977405914
  _data_pid22: 2.987131275983121
  _data_pid23: 2.8010604940952604
  _data_pid24: 3.1447680676916443
  _data_pid25: 5.1145249258294685
  _data_pid26: 3.5647162303403173
  _data_pid27: 3.290062632893752
  _data_pid28: 2.635143474477369
  _data_pid29: 2.587024414173875
  _data_pid30: 3.7054801047995642
  _data_pid31: 2.4968792914624602
  _data_pid32: 2.75637850952773
  _data_pid33: 2.2919045930267985
  _data_pid34: 2.188948551663154
  _data_pid35: 2.5874931063196884
  _data_pid36: 1.8255559079426134
  average: 3.125
  size: 32
  standard: 0.7065384094591801
  std/ave: 22.609229102693764
  total: 100.00000000000003
clock:
  idle_average: 342954.75409836066
  idle_size: 244
  running_average: 89250.18473895582
  running_size: 249
counters:
  contextswitch: 39943
  worksteal: 0
cpu_usage:
  _data_pid00: 21.10767629456154
  _data_pid01: 22.674968287435362
  _data_pid02: 18.524989807719507
  _data_pid03: 23.43395874495481
  _data_pid04: 26.37887282137467
  _data_pid05: 17.617195522694598
  _data_pid06: 17.21552148717895
  average: 20.993311852274207
  size: 7
  standard: 3.1524264356959746
  std/ave: 15.016336907101543
  total: 146.95318296591944
runtime:
  _data_pid00: 15.841169605626806
  _data_pid01: 16.44890708803132
  _data_pid02: 13.913907502042717
  _data_pid03: 15.955374258489968
  _data_pid04: 12.142251190868627
  _data_pid05: 12.865130710427932
  _data_pid06: 12.833259644512632
  average: 14.285714285714288
  size: 7
  standard: 1.6365017253450285
  std/ave: 11.455512077415197
  total: 100.00000000000001
time_response:
  average: 5395081.411764706
  size: 34
  standard: 1650506.5293171299
  std/ave: 30.592801171043998
  total: 183432768
time_turnaround:
  average: 1004874379.2941177
  size: 34
  standard: 182845513.76556894
  std/ave: 18.195857863747136
  total: 34165728896
