_environment:
  LOGSIZE: 500
  NCPU: 7
  NPROC: 100
  date: 2023/12/05 05:12
  forknum: 32
  policy: default
  workload: yieldrepeat
balancing:
  _data_pid05: 3.650910861362438
  _data_pid06: 5.055381993751775
  _data_pid07: 3.9339473363898243
  _data_pid08: 3.7828538970260075
  _data_pid09: 4.815352781271554
  _data_pid10: 3.7469874629772386
  _data_pid11: 2.7740495800705967
  _data_pid12: 4.42633991966568
  _data_pid13: 3.446748082930985
  _data_pid14: 3.04751085324786
  _data_pid15: 2.12179981336471
  _data_pid16: 2.1893131009859212
  _data_pid17: 2.5263926644216337
  _data_pid18: 2.217551831865947
  _data_pid19: 2.0276707104312894
  _data_pid20: 2.1401387592810486
  _data_pid21: 2.16334645190084
  _data_pid22: 2.1157950257637848
  _data_pid23: 1.8517466628798638
  _data_pid24: 2.491824562827119
  _data_pid25: 3.796486387795675
  _data_pid26: 3.2644946646650705
  _data_pid27: 3.0431289812147524
  _data_pid28: 2.6844646407270663
  _data_pid29: 2.9494867529516777
  _data_pid30: 4.875562948837587
  _data_pid31: 3.3857264575810446
  _data_pid32: 2.882947214671157
  _data_pid33: 2.858603481153893
  _data_pid34: 4.701748691524323
  _data_pid35: 2.5466791090193532
  _data_pid36: 2.485008317442285
  average: 3.125
  size: 32
  standard: 0.9127180563090124
  std/ave: 29.206977801888396
  total(for debug): 100.0
clock:
  idle_average: 340831.34426229505
  idle_size: 244
  running_average: 82237.81526104418
  running_size: 249
counters:
  contextswitch: 39547
  worksteal: 0
cpu_usage:
  _data_pid00: 17.16505507942899
  _data_pid01: 18.575971919374567
  _data_pid02: 22.268338916824273
  _data_pid03: 17.418463479906876
  _data_pid04: 21.568383212596018
  _data_pid05: 19.429350859255358
  _data_pid06: 21.889035667107002
  average: 19.75801172797423
  standard: 1.9936541037781346
  std/ave: 10.090357932905944
runtime:
  _data_pid00: 13.076642187690185
  _data_pid01: 14.171461029739929
  _data_pid02: 15.049133768815679
  _data_pid03: 12.992575161277234
  _data_pid04: 13.912605996673022
  _data_pid05: 14.12472106138678
  _data_pid06: 16.672860794417172
  average: 14.285714285714286
  standard: 1.1706850445476549
  std/ave: 8.194795311833584
  total(for debug): 100.0
time_response:
  average: 5427016.470588235
  size: 34
  standard: 1727103.3968864516
  std/ave: 31.824178280027414
time_turnaround:
  average: 1043070587.2941177
  size: 34
  standard: 187708719.39591056
  std/ave: 17.995782997088938
