_environment:
  LOGSIZE: 500
  NCPU: 7
  NPROC: '100'
  date: 2023/12/11 07:08
  forknum: '32'
  policy: default
  workload: yieldrepeat
balancing:
  _data_pid05: 3.3260886935677183
  _data_pid06: 4.009908110267679
  _data_pid07: 3.503475829005194
  _data_pid08: 4.029085097882541
  _data_pid09: 3.4037554934079104
  _data_pid10: 3.6092688773471835
  _data_pid11: 3.365081901717938
  _data_pid12: 2.9134638433879343
  _data_pid13: 2.825888933280064
  _data_pid14: 2.674870155813024
  _data_pid15: 2.6361965641230523
  _data_pid16: 3.95269676388334
  _data_pid17: 2.549420695165801
  _data_pid18: 2.576428286056732
  _data_pid19: 2.629964043148222
  _data_pid20: 3.7187375149820214
  _data_pid21: 2.739912105473432
  _data_pid22: 3.438433879344786
  _data_pid23: 2.9647622852576907
  _data_pid24: 2.7605273671594084
  _data_pid25: 2.170195765081902
  _data_pid26: 2.262564922093488
  _data_pid27: 2.29708349980024
  _data_pid28: 2.3132241310427486
  _data_pid29: 4.332880543347983
  _data_pid30: 2.819336795844986
  _data_pid31: 4.200878945265681
  _data_pid32: 2.5459049141030765
  _data_pid33: 5.169636436276468
  _data_pid34: 3.1565321614063127
  _data_pid35: 2.6596883739512585
  _data_pid36: 2.444107071514183
  average: 3.125
  size: 32
  standard: 0.7061444313731845
  std/ave: 22.596621803941904
  total: 100.0
clock:
  idle_average: 348059.55918367347
  idle_size: 245
  running_average: 80741.93548387097
  running_size: 248
counters:
  contextswitch: 40017
  worksteal: 0
cpu_usage:
  _data_pid00: 19.423804984050953
  _data_pid01: 16.593006466193735
  _data_pid02: 20.20268039729612
  _data_pid03: 20.672158623082098
  _data_pid04: 18.501580800767695
  _data_pid05: 19.243811141518037
  _data_pid06: 18.521808538029767
  average: 19.022692992991203
  size: 7
  standard: 1.239165097772137
  std/ave: 6.514141284983676
  total: 133.15885095093842
runtime:
  _data_pid00: 14.684458649620455
  _data_pid01: 12.671673991210547
  _data_pid02: 14.572113463843388
  _data_pid03: 15.808230123851377
  _data_pid04: 13.803435876947661
  _data_pid05: 14.66512185377547
  _data_pid06: 13.794966040751099
  average: 14.285714285714286
  size: 7
  standard: 0.9088122950028936
  std/ave: 6.361686065020256
  total: 100.0
time_response:
  average: 5465126.588235294
  size: 34
  standard: 1743506.2787517996
  std/ave: 31.902395133994194
  total: 185814304
time_turnaround:
  average: 1003432337.882353
  size: 34
  standard: 182914996.2726685
  std/ave: 18.228931774183494
  total: 34116699488
