_environment:
  LOGSIZE: 500
  NCPU: 7
  NPROC: 100
  date: 2023/12/05 05:13
  forknum: 32
  policy: default
  workload: yieldrepeat
balancing:
  _data_pid05: 3.035906447087028
  _data_pid06: 2.7868020650293546
  _data_pid07: 2.3945009739419447
  _data_pid08: 2.265096100145751
  _data_pid09: 3.9604702164466787
  _data_pid10: 3.3042512906433466
  _data_pid11: 3.434507512293463
  _data_pid12: 3.3134458474657076
  _data_pid13: 2.764326481685805
  _data_pid14: 2.5634083881601355
  _data_pid15: 2.8409477885388146
  _data_pid16: 2.8254532575974283
  _data_pid17: 2.818983013907619
  _data_pid18: 2.5949082587552614
  _data_pid19: 4.513676051925408
  _data_pid20: 2.7413400896299023
  _data_pid21: 4.615497255254519
  _data_pid22: 3.1436870853935948
  _data_pid23: 2.942258183155572
  _data_pid24: 2.803147943824663
  _data_pid25: 4.474684320215765
  _data_pid26: 3.9681323471319794
  _data_pid27: 3.080006265920205
  _data_pid28: 2.9443014180049856
  _data_pid29: 2.8188127443368343
  _data_pid30: 4.046626619263618
  _data_pid31: 2.9885715064089466
  _data_pid32: 2.822388405323308
  _data_pid33: 3.1620761990383177
  _data_pid34: 2.8537180063476497
  _data_pid35: 2.448646697451405
  _data_pid36: 2.7294212196749896
  average: 3.125
  size: 32
  standard: 0.6121509236412143
  std/ave: 19.588829556518856
  total(for debug): 100.00000000000001
clock:
  idle_average: 330432.52459016396
  idle_size: 244
  running_average: 81358.77911646587
  running_size: 249
counters:
  contextswitch: 39869
  worksteal: 0
cpu_usage:
  _data_pid00: 16.31196475987831
  _data_pid01: 22.140148514099288
  _data_pid02: 25.506546203555548
  _data_pid03: 18.92152237594216
  _data_pid04: 20.57863371715075
  _data_pid05: 16.50352269065638
  _data_pid06: 20.689547036766584
  average: 20.08084701586394
  standard: 2.991487877755612
  std/ave: 14.897219601306288
runtime:
  _data_pid00: 12.635534578344435
  _data_pid01: 17.367325950444744
  _data_pid02: 14.027658589078229
  _data_pid03: 14.68268562788607
  _data_pid04: 14.8226472150709
  _data_pid05: 10.737028864097638
  _data_pid06: 15.727119175077982
  average: 14.285714285714286
  standard: 1.978553430997853
  std/ave: 13.84987401698497
  total(for debug): 100.0
time_response:
  average: 5503771.294117647
  size: 34
  standard: 1470664.4430838162
  std/ave: 26.721031171037968
time_turnaround:
  average: 1038277876.7058823
  size: 34
  standard: 192040192.0061469
  std/ave: 18.496030428330798
