_environment:
  LOGSIZE: 500
  NCPU: 7
  NPROC: 100
  date: 2023/12/05 06:10
  forknum: 32
  policy: default
  workload: yieldrepeat
balancing:
  _data_pid05: 3.4901949784326924
  _data_pid06: 2.5273019672376393
  _data_pid07: 2.7066659186675643
  _data_pid08: 2.6525918168898195
  _data_pid09: 2.9019248510235123
  _data_pid10: 2.7024584237165583
  _data_pid11: 2.3409255242227043
  _data_pid12: 4.171497494203007
  _data_pid13: 3.158426209888548
  _data_pid14: 3.612523998304536
  _data_pid15: 3.058381329942404
  _data_pid16: 4.512304585234498
  _data_pid17: 2.8992756875358414
  _data_pid18: 2.6211135213304413
  _data_pid19: 4.18785997456803
  _data_pid20: 3.571072381379809
  _data_pid21: 3.1070012715984743
  _data_pid22: 3.4376792081182836
  _data_pid23: 3.038590520358042
  _data_pid24: 3.169802029570898
  _data_pid25: 3.2855860572967313
  _data_pid26: 4.439842172189393
  _data_pid27: 3.055887999601067
  _data_pid28: 2.822294113247064
  _data_pid29: 2.114499962600045
  _data_pid30: 2.1143441294537113
  _data_pid31: 2.616906026379435
  _data_pid32: 2.0909691575036775
  _data_pid33: 2.793464981175356
  _data_pid34: 4.177263320617349
  _data_pid35: 3.805133767172813
  _data_pid36: 2.816216620540055
  average: 3.125
  size: 32
  standard: 0.6550753685685571
  std/ave: 20.962411794193827
  total(for debug): 100.00000000000001
clock:
  idle_average: 350858.31836734695
  idle_size: 245
  running_average: 83429.54838709677
  running_size: 248
counters:
  contextswitch: 40101
  worksteal: 0
cpu_usage:
  _data_pid00: 16.63113567574681
  _data_pid01: 16.504032763592292
  _data_pid02: 16.973078157183817
  _data_pid03: 21.828476221581866
  _data_pid04: 23.41792138237672
  _data_pid05: 24.750026335194352
  _data_pid06: 15.661935467803428
  average: 19.400252877577607
  standard: 3.5169040783927787
  std/ave: 18.128135239193405
runtime:
  _data_pid00: 11.816515820181015
  _data_pid01: 12.308481063156057
  _data_pid02: 12.776915501034733
  _data_pid03: 16.455512753384696
  _data_pid04: 17.334411698705964
  _data_pid05: 17.548214775475603
  _data_pid06: 11.759948388061934
  average: 14.285714285714286
  standard: 2.4873637844385077
  std/ave: 17.41154649106955
  total(for debug): 100.0
time_response:
  average: 5649697.882352941
  size: 34
  standard: 1641362.7985756185
  std/ave: 29.052222486134728
time_turnaround:
  average: 1037769385.4117647
  size: 34
  standard: 190057754.39900687
  std/ave: 18.31406448009603
