_environment:
  LOGSIZE: 500
  NCPU: 7
  NPROC: 100
  date: 2023/12/05 05:12
  forknum: 32
  policy: default
  workload: yieldrepeat
balancing:
  _data_pid05: 3.3680864695750574
  _data_pid06: 3.872991571047004
  _data_pid07: 2.6704720380093363
  _data_pid08: 3.0350887411487673
  _data_pid09: 2.2592589510821175
  _data_pid10: 2.4286700892819995
  _data_pid11: 4.101979514232699
  _data_pid12: 2.5528161689451743
  _data_pid13: 2.261755185927892
  _data_pid14: 2.213328229919871
  _data_pid15: 4.641831903545485
  _data_pid16: 3.2713989732154003
  _data_pid17: 4.01061731887736
  _data_pid18: 2.7771444737520903
  _data_pid19: 2.5434968921876173
  _data_pid20: 3.6979223005300343
  _data_pid21: 2.6584901107496193
  _data_pid22: 3.381233306429469
  _data_pid23: 2.6148892087767615
  _data_pid24: 3.011457717942104
  _data_pid25: 2.7520157096379627
  _data_pid26: 3.780963713066125
  _data_pid27: 2.6078997512085937
  _data_pid28: 2.67396676679342
  _data_pid29: 4.8352068962648005
  _data_pid30: 3.405030745292517
  _data_pid31: 3.5977400753862923
  _data_pid32: 3.5932468526638983
  _data_pid33: 3.2054983732869586
  _data_pid34: 3.446634659388755
  _data_pid35: 2.8946339271598673
  _data_pid36: 1.8342333646749487
  average: 3.125
  size: 32
  standard: 0.7002554124930968
  std/ave: 22.408173199779096
  total(for debug): 99.99999999999997
clock:
  idle_average: 341812.59016393445
  idle_size: 244
  running_average: 79763.27710843373
  running_size: 249
counters:
  contextswitch: 39797
  worksteal: 0
cpu_usage:
  _data_pid00: 19.85672685957622
  _data_pid01: 17.897300979848804
  _data_pid02: 18.112144495020363
  _data_pid03: 18.724316481759814
  _data_pid04: 22.389375041443586
  _data_pid05: 19.494778936094868
  _data_pid06: 18.143406358173827
  average: 19.233406848944476
  standard: 1.459288508988503
  std/ave: 7.587259607460487
runtime:
  _data_pid00: 14.774881220825256
  _data_pid01: 13.596325542307019
  _data_pid02: 14.091245704395869
  _data_pid03: 14.346527321290386
  _data_pid04: 14.131684708897414
  _data_pid05: 15.024837536715454
  _data_pid06: 14.034497965568601
  average: 14.285714285714286
  standard: 0.44548453790242304
  std/ave: 3.1183917653169613
  total(for debug): 100.0
time_response:
  average: 5438582.588235294
  size: 34
  standard: 1738151.7809291522
  std/ave: 31.959646704439326
time_turnaround:
  average: 1037895637.6470588
  size: 34
  standard: 193877553.8770423
  std/ave: 18.67986981008694
