_environment:
  LOGSIZE: 500
  NCPU: 7
  NPROC: 100
  date: 2023/12/05 05:12
  forknum: 32
  policy: default
  workload: yieldrepeat
balancing:
  _data_pid05: 4.146114647280222
  _data_pid06: 4.276495611031172
  _data_pid07: 2.8479600877165425
  _data_pid08: 3.0234245895355927
  _data_pid09: 3.1093503572124237
  _data_pid10: 3.4373448780702356
  _data_pid11: 4.921959924347624
  _data_pid12: 3.330997995589039
  _data_pid13: 2.9378129928557515
  _data_pid14: 2.669196790429095
  _data_pid15: 2.276483044191292
  _data_pid16: 2.3047584339204144
  _data_pid17: 3.078718685005875
  _data_pid18: 2.8935148822801278
  _data_pid19: 2.6685684484351144
  _data_pid20: 4.260001633689185
  _data_pid21: 2.7763291004027675
  _data_pid22: 2.649561103117205
  _data_pid23: 2.781512921853106
  _data_pid24: 2.918962733036337
  _data_pid25: 4.613129834306216
  _data_pid26: 3.8137217324645456
  _data_pid27: 2.9315295729159465
  _data_pid28: 3.1307139850077603
  _data_pid29: 3.2092567342553204
  _data_pid30: 2.9210048445167733
  _data_pid31: 3.1735983260969283
  _data_pid32: 2.6973150946597215
  _data_pid33: 2.9748851705006003
  _data_pid34: 2.5053566154986835
  _data_pid35: 2.4891768091536863
  _data_pid36: 2.2312424206246977
  average: 3.125
  size: 32
  standard: 0.6635789369658918
  std/ave: 21.234525982908536
  total(for debug): 100.00000000000001
clock:
  idle_average: 347105.5737704918
  idle_size: 244
  running_average: 96110.00803212852
  running_size: 249
counters:
  contextswitch: 40009
  worksteal: 0
cpu_usage:
  _data_pid00: 24.975545403863315
  _data_pid01: 23.089253786555417
  _data_pid02: 20.098232606295152
  _data_pid03: 15.348086779070643
  _data_pid04: 23.431957340834334
  _data_pid05: 25.22682284758076
  _data_pid06: 22.06227018686926
  average: 22.031170092171656
  standard: 3.1704913012617704
  std/ave: 14.390934698417777
runtime:
  _data_pid00: 14.62937247485061
  _data_pid01: 16.370351054672035
  _data_pid02: 15.124820137104223
  _data_pid03: 11.849901664477942
  _data_pid04: 13.894683598388932
  _data_pid05: 11.599036123381234
  _data_pid06: 16.53183494712502
  average: 14.285714285714286
  standard: 1.832924896640254
  std/ave: 12.830474276481777
  total(for debug): 100.0
time_response:
  average: 5666930.823529412
  size: 34
  standard: 1836857.9316647102
  std/ave: 32.41362897951699
time_turnaround:
  average: 1057584727.5294118
  size: 34
  standard: 192044825.70288274
  std/ave: 18.158812311096078
