_environment:
  LOGSIZE: 500
  NCPU: 7
  NPROC: 100
  date: 2023/12/05 06:10
  forknum: 32
  policy: default
  workload: yieldrepeat
balancing:
  _data_pid05: 2.528029671470133
  _data_pid06: 3.2458274495125643
  _data_pid07: 3.619442979396703
  _data_pid08: 3.0867516205318406
  _data_pid09: 4.228524763087602
  _data_pid10: 3.4549228439695803
  _data_pid11: 2.7417186994912974
  _data_pid12: 2.642870510573864
  _data_pid13: 3.1867907514844243
  _data_pid14: 3.3368494479132997
  _data_pid15: 3.263691580039812
  _data_pid16: 2.794800687343689
  _data_pid17: 3.4748285894142263
  _data_pid18: 3.733603280194634
  _data_pid19: 3.69634380795209
  _data_pid20: 3.4389301937832824
  _data_pid21: 3.065484798475594
  _data_pid22: 2.4681423005597427
  _data_pid23: 3.036561920479099
  _data_pid24: 2.8873538969324737
  _data_pid25: 3.635435629583
  _data_pid26: 3.6024295217517057
  _data_pid27: 3.0870918896847406
  _data_pid28: 2.175340694489341
  _data_pid29: 2.842778637902581
  _data_pid30: 3.288190959048608
  _data_pid31: 3.418003640879936
  _data_pid32: 2.997941371624955
  _data_pid33: 3.4921823162121237
  _data_pid34: 2.9608520339588615
  _data_pid35: 2.3344165234700647
  _data_pid36: 2.2338669887881317
  average: 3.125
  size: 32
  standard: 0.4709652795785547
  std/ave: 15.07088894651375
  total(for debug): 100.0
clock:
  idle_average: 329746.1551020408
  idle_size: 245
  running_average: 91616.3870967742
  running_size: 248
counters:
  contextswitch: 39441
  worksteal: 0
cpu_usage:
  _data_pid00: 20.55863558435197
  _data_pid01: 17.90426577635744
  _data_pid02: 25.756846016237787
  _data_pid03: 25.641427877919362
  _data_pid04: 18.612241493597427
  _data_pid05: 25.063876587505696
  _data_pid06: 19.77610539956422
  average: 21.95068641205251
  standard: 3.206816826036438
  std/ave: 14.60918700144003
runtime:
  _data_pid00: 15.709376116508158
  _data_pid01: 14.068938530377528
  _data_pid02: 12.208687071473536
  _data_pid03: 17.2759752964595
  _data_pid04: 14.42690167922827
  _data_pid05: 12.928186195280468
  _data_pid06: 13.381935110672542
  average: 14.285714285714286
  standard: 1.6039745674544201
  std/ave: 11.22782197218094
  total(for debug): 100.0
time_response:
  average: 5238412.235294118
  size: 34
  standard: 1628845.837256608
  std/ave: 31.09426605035322
time_turnaround:
  average: 1025943842.8235294
  size: 34
  standard: 183408936.09245646
  std/ave: 17.877093115320182
