_environment:
  LOGSIZE: 500
  NCPU: 7
  NPROC: 100
  date: 2023/12/05 05:12
  forknum: 32
  policy: default
  workload: yieldrepeat
balancing:
  _data_pid05: 3.6805261422228197
  _data_pid06: 2.848738799706796
  _data_pid07: 3.9652906176200755
  _data_pid08: 3.4156107822895874
  _data_pid09: 3.133190690608555
  _data_pid10: 5.574631892683491
  _data_pid11: 3.071611544995757
  _data_pid12: 3.023317240441557
  _data_pid13: 2.8371731733734276
  _data_pid14: 3.065516147333576
  _data_pid15: 2.6078924459267894
  _data_pid16: 3.625354978767698
  _data_pid17: 2.4537882896470453
  _data_pid18: 2.600546710282623
  _data_pid19: 2.506302484890447
  _data_pid20: 4.279594327841744
  _data_pid21: 2.9804931645585446
  _data_pid22: 3.105370670509372
  _data_pid23: 3.2565052740819
  _data_pid24: 3.0908354914687877
  _data_pid25: 4.283970510778695
  _data_pid26: 2.8123227059814604
  _data_pid27: 3.208054677279952
  _data_pid28: 2.9161007584862784
  _data_pid29: 3.5320485068620107
  _data_pid30: 2.5877307459672694
  _data_pid31: 2.856709704341955
  _data_pid32: 2.6385257264854403
  _data_pid33: 2.438784233863216
  _data_pid34: 2.8342036206662113
  _data_pid35: 2.5053647314039575
  _data_pid36: 2.263893208632959
  average: 3.125
  size: 32
  standard: 0.6663836837941709
  std/ave: 21.32427788141347
  total(for debug): 100.0
clock:
  idle_average: 341206.0327868852
  idle_size: 244
  running_average: 96562.37751004015
  running_size: 249
counters:
  contextswitch: 39791
  worksteal: 0
cpu_usage:
  _data_pid00: 20.16793150216903
  _data_pid01: 21.131091007764525
  _data_pid02: 20.583581027337047
  _data_pid03: 26.03587119450044
  _data_pid04: 18.030919856286218
  _data_pid05: 29.223723512522856
  _data_pid06: 21.55515641682571
  average: 22.408585321162207
  standard: 3.5752875832621376
  std/ave: 15.954990161229453
runtime:
  _data_pid00: 15.222552346181075
  _data_pid01: 14.37357285641275
  _data_pid02: 15.369154474568909
  _data_pid03: 10.805108255825404
  _data_pid04: 13.43613195441893
  _data_pid05: 14.606604597805346
  _data_pid06: 16.18687551478759
  average: 14.285714285714286
  standard: 1.630644938451532
  std/ave: 11.414514569160723
  total(for debug): 100.0
time_response:
  average: 5325250.823529412
  size: 34
  standard: 1575747.2654704733
  std/ave: 29.590104160128867
time_turnaround:
  average: 1043328056.4705882
  size: 34
  standard: 191113847.22849914
  std/ave: 18.31771378553805
