_environment:
  LOGSIZE: 500
  NCPU: 7
  NPROC: 100
  date: 2023/12/05 05:12
  forknum: 32
  policy: default
  workload: yieldrepeat
balancing:
  _data_pid05: 3.952275891051401
  _data_pid06: 4.076051269928821
  _data_pid07: 3.9191159089118273
  _data_pid08: 3.366558978803877
  _data_pid09: 5.1279778320594644
  _data_pid10: 3.139692170304415
  _data_pid11: 2.5544677330391616
  _data_pid12: 2.8085848238909463
  _data_pid13: 2.6811979618102066
  _data_pid14: 4.017610905366007
  _data_pid15: 2.8438788642870274
  _data_pid16: 2.745219709505424
  _data_pid17: 3.3284742468415938
  _data_pid18: 3.1907454101331654
  _data_pid19: 3.1902529351508946
  _data_pid20: 2.4766566858403594
  _data_pid21: 2.5620190161006486
  _data_pid22: 2.6956438946234864
  _data_pid23: 2.535589525385444
  _data_pid24: 2.545439025030862
  _data_pid25: 2.81055472382003
  _data_pid26: 3.8240682373335435
  _data_pid27: 2.922018228140677
  _data_pid28: 2.955670685262522
  _data_pid29: 1.7806253775641532
  _data_pid30: 3.651209518556457
  _data_pid31: 2.9376132692459223
  _data_pid32: 3.3726328369185516
  _data_pid33: 4.289949570561816
  _data_pid34: 2.2190922701126783
  _data_pid35: 2.740294959682715
  _data_pid36: 2.7388175347359023
  average: 3.125
  size: 32
  standard: 0.6823797282909793
  std/ave: 21.836151305311336
  total(for debug): 100.0
clock:
  idle_average: 333307.2786885246
  idle_size: 244
  running_average: 82090.40963855422
  running_size: 249
counters:
  contextswitch: 40119
  worksteal: 0
cpu_usage:
  _data_pid00: 16.29941947153843
  _data_pid01: 19.253960466551664
  _data_pid02: 22.655158953896866
  _data_pid03: 19.7735656144093
  _data_pid04: 22.640112534241503
  _data_pid05: 22.036060061452837
  _data_pid06: 17.92644884456593
  average: 20.08550314222161
  standard: 2.2903070815875557
  std/ave: 11.402786703277128
runtime:
  _data_pid00: 12.292339715809103
  _data_pid01: 13.98005148005148
  _data_pid02: 15.676627793974731
  _data_pid03: 14.73091166968718
  _data_pid04: 13.682432432432432
  _data_pid05: 16.22311086596801
  _data_pid06: 13.414526042077062
  average: 14.285714285714286
  standard: 1.257902817299932
  std/ave: 8.805319721099524
  total(for debug): 100.0
time_response:
  average: 5715567.05882353
  size: 34
  standard: 1734509.214086678
  std/ave: 30.347106354197912
time_turnaround:
  average: 1054303243.2941177
  size: 34
  standard: 190197542.0049191
  std/ave: 18.04011732057813
