_environment:
  LOGSIZE: 500
  NCPU: 7
  NPROC: 100
  date: 2023/12/05 05:12
  forknum: 32
  policy: default
  workload: yieldrepeat
balancing:
  _data_pid05: 3.3971863481520312
  _data_pid06: 2.624015460131168
  _data_pid07: 2.803792070438251
  _data_pid08: 2.9252316636895617
  _data_pid09: 2.7610663678058542
  _data_pid10: 2.1422009981381454
  _data_pid11: 2.6350255450402855
  _data_pid12: 2.4416095758159377
  _data_pid13: 1.9192056963221387
  _data_pid14: 2.433064435289458
  _data_pid15: 4.106926000726337
  _data_pid16: 4.51939336075447
  _data_pid17: 4.3391237615708595
  _data_pid18: 2.9602338739230247
  _data_pid19: 2.7551505012875226
  _data_pid20: 4.73532248867358
  _data_pid21: 3.2767327326537754
  _data_pid22: 3.38683358174495
  _data_pid23: 2.77881396736085
  _data_pid24: 2.7847298338791817
  _data_pid25: 2.4754614786708364
  _data_pid26: 2.336931604366567
  _data_pid27: 4.404855611774546
  _data_pid28: 3.2078786195654136
  _data_pid29: 4.8393431416209145
  _data_pid30: 3.2571775072181786
  _data_pid31: 3.220696330355133
  _data_pid32: 3.022679131616527
  _data_pid33: 2.91093498627026
  _data_pid34: 2.939364011483354
  _data_pid35: 2.6652621961339813
  _data_pid36: 2.993757117526905
  average: 3.125
  size: 32
  standard: 0.74258812450455
  std/ave: 23.7628199841456
  total(for debug): 100.00000000000001
clock:
  idle_average: 335638.95081967214
  idle_size: 244
  running_average: 84845.62248995985
  running_size: 249
counters:
  contextswitch: 39711
  worksteal: 0
cpu_usage:
  _data_pid00: 16.563809474157537
  _data_pid01: 19.854082583048744
  _data_pid02: 19.046331234197456
  _data_pid03: 22.34927234927235
  _data_pid04: 20.652232356970643
  _data_pid05: 20.42444333439293
  _data_pid06: 24.804402849163374
  average: 20.506750838341432
  standard: 2.390404197586112
  std/ave: 11.656669632503547
runtime:
  _data_pid00: 12.530298274703261
  _data_pid01: 15.132786553892721
  _data_pid02: 14.582282308436847
  _data_pid03: 12.819189756348464
  _data_pid04: 15.779587959896999
  _data_pid05: 13.7915281504865
  _data_pid06: 15.364326996235208
  average: 14.285714285714286
  standard: 1.1757640346678444
  std/ave: 8.23034824267491
  total(for debug): 100.0
time_response:
  average: 5389658.352941177
  size: 34
  standard: 1529834.976162152
  std/ave: 28.384637318009396
time_turnaround:
  average: 1044904358.5882353
  size: 34
  standard: 188945014.82245016
  std/ave: 18.082517626563714
