_environment:
  LOGSIZE: 500
  NCPU: 7
  NPROC: 100
  date: 2023/12/05 05:13
  forknum: 32
  policy: default
  workload: yieldrepeat
balancing:
  _data_pid05: 2.982737917302109
  _data_pid06: 2.298064370122292
  _data_pid07: 3.1244352794342913
  _data_pid08: 2.6672543982759875
  _data_pid09: 3.9572239476986426
  _data_pid10: 3.3517590570623215
  _data_pid11: 3.4137410974705586
  _data_pid12: 2.5914235096021496
  _data_pid13: 2.5046148753519213
  _data_pid14: 2.50225043784316
  _data_pid15: 2.646481125877586
  _data_pid16: 3.9835705370819805
  _data_pid17: 3.1617596143940196
  _data_pid18: 2.693600987659325
  _data_pid19: 3.3833411866436305
  _data_pid20: 2.8687382517011284
  _data_pid21: 2.624525634724805
  _data_pid22: 3.9465839789092176
  _data_pid23: 2.7261964476015312
  _data_pid24: 4.550866650791158
  _data_pid25: 4.924785553962375
  _data_pid26: 2.994222328058949
  _data_pid27: 3.112613091890486
  _data_pid28: 3.0703909935197524
  _data_pid29: 3.2063461502735144
  _data_pid30: 2.9769957119236894
  _data_pid31: 3.2489060254312143
  _data_pid32: 3.249919355792112
  _data_pid33: 3.0371199800036144
  _data_pid34: 2.7971295728643644
  _data_pid35: 3.011617832587691
  _data_pid36: 2.3907840981444233
  average: 3.125
  size: 32
  standard: 0.5912930940999229
  std/ave: 18.921379011197534
  total(for debug): 100.00000000000001
clock:
  idle_average: 332573.7704918033
  idle_size: 244
  running_average: 93194.66666666667
  running_size: 249
counters:
  contextswitch: 39667
  worksteal: 0
cpu_usage:
  _data_pid00: 20.819460179363666
  _data_pid01: 23.04126893263815
  _data_pid02: 21.715036563071298
  _data_pid03: 23.25920018637826
  _data_pid04: 23.719767642051433
  _data_pid05: 16.264995044977177
  _data_pid06: 26.894682262354216
  average: 22.23737414314303
  standard: 3.0126166449624003
  std/ave: 13.547537697436956
runtime:
  _data_pid00: 13.195081294428205
  _data_pid01: 16.99777236208996
  _data_pid02: 17.332509157973135
  _data_pid03: 11.855289668928082
  _data_pid04: 13.452973871276644
  _data_pid05: 12.944788695286494
  _data_pid06: 14.22158495001748
  average: 14.285714285714286
  standard: 1.9357653617928179
  std/ave: 13.550357532549725
  total(for debug): 100.0
time_response:
  average: 5266518.588235294
  size: 34
  standard: 1566758.7879960057
  std/ave: 29.749421021620194
time_turnaround:
  average: 1040793875.7647059
  size: 34
  standard: 188924324.4942031
  std/ave: 18.15194428919887
