_environment:
  LOGSIZE: 500
  NCPU: 7
  NPROC: 100
  date: 2023/12/05 05:13
  forknum: 32
  policy: default
  workload: yieldrepeat
balancing:
  _data_pid05: 3.3608978145304196
  _data_pid06: 2.945035998786737
  _data_pid07: 3.090467904407656
  _data_pid08: 2.573394422183554
  _data_pid09: 3.353873661020737
  _data_pid10: 2.846059290241216
  _data_pid11: 2.605322392682109
  _data_pid12: 2.6522565093149852
  _data_pid13: 2.2801360131543236
  _data_pid14: 2.5591864753116966
  _data_pid15: 1.9887932823550072
  _data_pid16: 3.138519500007982
  _data_pid17: 4.364234287447519
  _data_pid18: 3.109305407001804
  _data_pid19: 2.309988665570473
  _data_pid20: 3.793841094490829
  _data_pid21: 2.956530068166217
  _data_pid22: 3.276129052856755
  _data_pid23: 2.6334190067208376
  _data_pid24: 3.0309222394278508
  _data_pid25: 2.844462891716288
  _data_pid26: 2.5010775690043263
  _data_pid27: 3.798470650213119
  _data_pid28: 4.678245877300809
  _data_pid29: 3.5895020833000753
  _data_pid30: 2.939927523506968
  _data_pid31: 4.761577880302038
  _data_pid32: 3.3026292683705565
  _data_pid33: 3.685285994795741
  _data_pid34: 3.0446512667422296
  _data_pid35: 3.2111556328921953
  _data_pid36: 2.774700276176945
  average: 3.125
  size: 32
  standard: 0.6382634981268561
  std/ave: 20.424431940059396
  total(for debug): 100.0
clock:
  idle_average: 358838.98775510205
  idle_size: 245
  running_average: 80827.09677419355
  running_size: 248
counters:
  contextswitch: 39979
  worksteal: 0
cpu_usage:
  _data_pid00: 20.599476716364112
  _data_pid01: 19.18307850548674
  _data_pid02: 19.574456754392973
  _data_pid03: 17.76521393845502
  _data_pid04: 12.682537330633345
  _data_pid05: 21.548137639085933
  _data_pid06: 18.67738000084136
  average: 18.56705745588542
  standard: 2.6644378550533316
  std/ave: 14.350350675565737
runtime:
  _data_pid00: 15.874267652176691
  _data_pid01: 14.5591545473412
  _data_pid02: 15.256301783177154
  _data_pid03: 13.784581983046248
  _data_pid04: 9.838284829424818
  _data_pid05: 16.51202886288533
  _data_pid06: 14.175380341948566
  average: 14.285714285714288
  standard: 2.0191838518898333
  std/ave: 14.134286963228831
  total(for debug): 100.00000000000001
time_response:
  average: 5502780.235294118
  size: 34
  standard: 1440535.6333119136
  std/ave: 26.178323896573318
time_turnaround:
  average: 1047382042.3529412
  size: 34
  standard: 191172744.15429136
  std/ave: 18.2524366872686
