_environment:
  LOGSIZE: 500
  NCPU: 7
  NPROC: 100
  date: 2023/12/05 05:13
  forknum: 32
  policy: default
  workload: yieldrepeat
balancing:
  _data_pid05: 4.276889102458849
  _data_pid06: 3.2891615086006265
  _data_pid07: 3.085048211410159
  _data_pid08: 3.0766125327070846
  _data_pid09: 2.432940120238549
  _data_pid10: 4.821141015926863
  _data_pid11: 2.387297072970127
  _data_pid12: 2.6634149133761245
  _data_pid13: 2.88108555133939
  _data_pid14: 2.401155687982321
  _data_pid15: 2.459904164664448
  _data_pid16: 2.3315613386819556
  _data_pid17: 2.096567431953447
  _data_pid18: 1.8499744670082112
  _data_pid19: 3.812324225310953
  _data_pid20: 3.2935299850718613
  _data_pid21: 3.180401508178842
  _data_pid22: 2.2964628897923767
  _data_pid23: 3.1433447767331932
  _data_pid24: 2.8270068253678935
  _data_pid25: 4.049728325954625
  _data_pid26: 2.432337571759758
  _data_pid27: 4.546680183837541
  _data_pid28: 4.340608604091003
  _data_pid29: 3.651745055713139
  _data_pid30: 3.2376436136639914
  _data_pid31: 2.8889186815636734
  _data_pid32: 4.2541428973844875
  _data_pid33: 3.5836570776097503
  _data_pid34: 2.5877950792878477
  _data_pid35: 2.5279921427678365
  _data_pid36: 3.2929274365930703
  average: 3.125
  size: 32
  standard: 0.7588487987517838
  std/ave: 24.28316156005708
  total(for debug): 99.99999999999997
clock:
  idle_average: 352911.737704918
  idle_size: 244
  running_average: 90385.0923694779
  running_size: 249
counters:
  contextswitch: 40155
  worksteal: 0
cpu_usage:
  _data_pid00: 19.30278758378779
  _data_pid01: 17.589841082338175
  _data_pid02: 21.82385450490341
  _data_pid03: 20.964285345956704
  _data_pid04: 21.90569765002316
  _data_pid05: 21.410156635124277
  _data_pid06: 22.089033346361933
  average: 20.720533865840018
  standard: 1.5510805739883915
  std/ave: 7.4857172311834645
runtime:
  _data_pid00: 14.24138393334609
  _data_pid01: 12.92014575647702
  _data_pid02: 16.037129037263103
  _data_pid03: 12.39110819209848
  _data_pid04: 15.885588094847156
  _data_pid05: 15.374777621952045
  _data_pid06: 13.149867364016107
  average: 14.285714285714286
  standard: 1.3917887696419995
  std/ave: 9.742521387493996
  total(for debug): 100.0
time_response:
  average: 5626600.470588235
  size: 34
  standard: 1681047.3861754488
  std/ave: 29.876786080027163
time_turnaround:
  average: 1053621169.882353
  size: 34
  standard: 190093499.28274763
  std/ave: 18.04192101644782
