_environment:
  LOGSIZE: 500
  NCPU: 8
  NPROC: 15000
  date: 2023/11/17 07:06
  forknum: 32
  policy: default
  workload: yieldrepeat
balancing:
  _data_pid04: 2.8988682000730193
  _data_pid05: 2.8573135517275716
  _data_pid06: 3.563609811145408
  _data_pid07: 3.5187361014305156
  _data_pid08: 3.052474360250921
  _data_pid09: 3.1428855919545953
  _data_pid10: 2.6851206478807796
  _data_pid11: 2.597231902817883
  _data_pid12: 2.65206279664111
  _data_pid13: 2.3105977629526366
  _data_pid14: 2.4692488964120947
  _data_pid15: 2.8671379733811277
  _data_pid16: 2.6195359952205517
  _data_pid17: 2.5806365959706596
  _data_pid18: 2.651398984367221
  _data_pid19: 3.0693351920077
  _data_pid20: 2.5528892429221015
  _data_pid21: 3.328885791098277
  _data_pid22: 2.6183411331275512
  _data_pid23: 2.4927478509077634
  _data_pid24: 3.036808390587142
  _data_pid25: 2.892097314879352
  _data_pid26: 3.23807627203027
  _data_pid27: 2.983305121311693
  _data_pid28: 2.704105678914003
  _data_pid29: 2.7797802781373426
  _data_pid30: 3.1176607255468154
  _data_pid31: 11.148859902419597
  _data_pid32: 2.7509708254505627
  _data_pid33: 2.7509708254505627
  _data_pid34: 3.4977596335756247
  _data_pid35: 2.5705466494075475
  average: 3.125
  size: 32
  standard: 1.4751646243346457
  std/ave: 47.20526797870866
  total(for debug): 100.0
clock:
  idle_average: 1018979.8189300412
  idle_size: 243
  running_average: 96800.0
  running_size: 249
cpu_usage:
  _data_pid00: 13.328699949805012
  _data_pid01: 8.307848482137478
  _data_pid02: 7.419123065585851
  _data_pid03: 8.990504321306895
  _data_pid04: 9.405520798810597
  _data_pid05: 8.13212246732574
  _data_pid06: 6.768945836778252
  _data_pid07: 8.45220737850053
  average: 8.870755660365914
  standard: 1.8619898179436754
  std/ave: 20.990205223022336
runtime:
  _data_pid00: 4639488
  _data_pid01: 2912192
  _data_pid02: 2577344
  _data_pid03: 3237600
  _data_pid04: 3251168
  _data_pid05: 2095808
  _data_pid06: 2378848
  _data_pid07: 3010752
  standard: 724222.4857597284
time_response:
  average: 9135452.121212121
  size: 33
  standard: 3011112.2088668323
  std/ave: 32.96073548319695
time_turnaround:
  average: 2348137735.757576
  size: 33
  standard: 134437322.2288923
  std/ave: 5.725274126030729
