_environment:
  LOGSIZE: 500
  NCPU: 7
  NPROC: 15000
  date: 2023/11/28 07:33
  forknum: 32
  policy: default
  workload: yieldrepeat
balancing:
  _data_pid05: 3.5064500229203217
  _data_pid06: 3.681621637933636
  _data_pid07: 2.5529933653211936
  _data_pid08: 2.687784977201824
  _data_pid09: 2.9672835753978006
  _data_pid10: 10.209817945103314
  _data_pid11: 3.2937724263496047
  _data_pid12: 3.517371304906386
  _data_pid13: 2.9851025091645367
  _data_pid14: 3.1657347651708823
  _data_pid15: 3.20841398556379
  _data_pid16: 2.568944185063997
  _data_pid17: 2.8938523241493974
  _data_pid18: 2.599408813761965
  _data_pid19: 1.9797697621316044
  _data_pid20: 2.2334021661500616
  _data_pid21: 2.645824262202736
  _data_pid22: 2.9057795136868094
  _data_pid23: 2.954781581545333
  _data_pid24: 2.9820847865104922
  _data_pid25: 3.371514709960928
  _data_pid26: 2.905635812608045
  _data_pid27: 2.2046619503972615
  _data_pid28: 3.5867789259493974
  _data_pid29: 2.928053180895229
  _data_pid30: 1.9514606496150968
  _data_pid31: 2.6272868230421804
  _data_pid32: 2.8807755259818735
  _data_pid33: 2.6514286042745323
  _data_pid34: 3.094890133340231
  _data_pid35: 2.989269840448692
  _data_pid36: 3.2680499332508486
  average: 3.125
  size: 32
  standard: 1.3420230488651963
  std/ave: 42.94473756368628
  total(for debug): 100.00000000000001
clock:
  idle_average: 878431.475409836
  idle_size: 244
  running_average: 89431.51807228915
  running_size: 249
counters:
  contextswitch: 36287
  worksteal: 0
cpu_usage:
  _data_pid00: 13.504488494687637
  _data_pid01: 7.870619750217781
  _data_pid02: 8.641600671720685
  _data_pid03: 9.547526591254432
  _data_pid04: 7.3287307989197
  _data_pid05: 8.82427208787743
  _data_pid06: 10.504010107116962
  average: 9.411626754868758
  standard: 1.9129024768035865
  std/ave: 20.324886723902612
runtime:
  _data_pid00: 19.503397812007375
  _data_pid01: 12.451123670585396
  _data_pid02: 13.872614741718866
  _data_pid03: 15.277436487715711
  _data_pid04: 11.160256880048399
  _data_pid05: 12.705187177840143
  _data_pid06: 15.029983230084106
  average: 14.285714285714286
  standard: 2.523166787414214
  std/ave: 17.662167511899497
  total(for debug): 100.0
time_response:
  average: 7975278.117647059
  size: 34
  standard: 2718441.7066627555
  std/ave: 34.085854644336536
time_turnaround:
  average: 1944788614.5882354
  size: 34
  standard: 349848259.580426
  std/ave: 17.989012119679565
