_environment:
  LOGSIZE: 500
  NCPU: 4
  NPROC: 15000
  date: 2023/11/14 01:38
  forknum: 32
  policy: default
  workload: yieldrepeat
balancing:
  _data_pid04: 3.079869532064867
  _data_pid05: 3.0158596577129346
  _data_pid06: 3.0069339780224262
  _data_pid07: 2.9003358605757827
  _data_pid08: 2.8914101808852744
  _data_pid09: 2.9401188900534776
  _data_pid10: 3.2252306013102894
  _data_pid11: 3.0492672016974094
  _data_pid12: 2.9332333657207994
  _data_pid13: 2.9633256572487996
  _data_pid14: 2.8026634228196476
  _data_pid15: 2.3043554766695484
  _data_pid16: 2.4157989630910395
  _data_pid17: 2.2867591367082603
  _data_pid18: 2.5958426734195807
  _data_pid19: 2.618029362935988
  _data_pid20: 3.572567050980932
  _data_pid21: 3.4567882344240513
  _data_pid22: 2.651691926340191
  _data_pid23: 3.7245586251393044
  _data_pid24: 2.9885725798019522
  _data_pid25: 2.9878075215427655
  _data_pid26: 2.972506356359037
  _data_pid27: 2.9638356960882573
  _data_pid28: 2.938333754115376
  _data_pid29: 3.648817857479847
  _data_pid30: 3.6340267311355765
  _data_pid31: 2.968681065063105
  _data_pid32: 7.268308481690881
  _data_pid33: 3.0801245514845954
  _data_pid34: 3.459848467460797
  _data_pid35: 2.6544971399572077
  average: 3.125
  size: 32
  standard: 0.826166648624942
  std/ave: 26.437332755998145
  total(for debug): 100.0
clock:
  idle_average: 284299.65991902835
  idle_size: 247
  running_average: 50393.8313253012
  running_size: 249
cpu_usage:
  _data_pid00: 14.966504867714846
  _data_pid01: 13.265313950366307
  _data_pid02: 17.69890816864063
  _data_pid03: 14.818747225489343
  average: 15.16014482527986
  standard: 1.5960695561618334
  std/ave: 10.528062723387405
time_response:
  average: 4630002.424242424
  size: 33
  standard: 1845549.3352822924
  std/ave: 39.86065591713523
time_turnaround:
  average: 1234769149.090909
  size: 33
  standard: 59540785.7401471
  std/ave: 4.82201760417999
