_environment:
  LOGSIZE: 500
  NCPU: 8
  NPROC: 100
  date: 2023/11/09 10:02
  forknum: 32
  policy: default
  workload: yieldrepeat
balancing:
  _data_pid04: 3.291322396883075
  _data_pid05: 3.010135836981044
  _data_pid06: 2.8333691726226706
  _data_pid07: 3.5293195759057925
  _data_pid08: 3.984903762396446
  _data_pid09: 3.5768825649754166
  _data_pid10: 4.376159461754619
  _data_pid11: 3.5643084414282744
  _data_pid12: 3.1358770724524643
  _data_pid13: 3.193280679950287
  _data_pid14: 3.661438989988082
  _data_pid15: 3.3629402309994063
  _data_pid16: 3.1874492023632066
  _data_pid17: 3.3871773097207085
  _data_pid18: 2.4873074245643707
  _data_pid19: 2.9574703050227247
  _data_pid20: 3.4413007110757983
  _data_pid21: 2.993917039941977
  _data_pid22: 2.880385460668506
  _data_pid23: 3.5355155208420657
  _data_pid24: 2.783437145783295
  _data_pid25: 3.19455631567246
  _data_pid26: 2.7302249128011864
  _data_pid27: 2.9080849792071377
  _data_pid28: 2.4386510334471687
  _data_pid29: 3.1059907498186776
  _data_pid30: 3.3718696810546227
  _data_pid31: 2.758471132363607
  _data_pid32: 2.367944367703819
  _data_pid33: 2.623982680511566
  _data_pid34: 2.7544619915224895
  _data_pid35: 2.571863849577036
  average: 3.125
  size: 32
  standard: 0.44902834675109726
  std/ave: 14.368907096035114
  total(for debug): 99.99999999999999
clock:
  idle_average: 743808.7901234567
  idle_size: 243
  running_average: 71687.06827309237
  running_size: 249
cpu_usage:
  _data_pid00: 9.966051524980623
  _data_pid01: 7.783809646033026
  _data_pid02: 9.19943013996013
  _data_pid03: 7.636482702960584
  _data_pid04: 9.981651329805034
  _data_pid05: 11.021092439247054
  _data_pid06: 7.780388416965651
  _data_pid07: 8.614688887902517
  average: 8.988154099031068
  standard: 1.1724137129734544
  std/ave: 13.043987675954977
time_response:
  average: 7547928.242424242
  size: 33
  standard: 2669274.519640383
  std/ave: 35.36433354834155
time_turnaround:
  average: 1488358082.909091
  size: 33
  standard: 94971329.41939329
  std/ave: 6.380946259502669
