_environment:
  LOGSIZE: 500
  NCPU: 8
  NPROC: 100
  date: 2023/11/16 01:28
  forknum: 32
  policy: default
  workload: yieldrepeat
balancing:
  _data_pid04: 2.0305987136187893
  _data_pid05: 2.468242201855374
  _data_pid06: 2.3613465222573575
  _data_pid07: 3.2274111263730503
  _data_pid08: 2.7864140481882926
  _data_pid09: 2.1443413060276586
  _data_pid10: 3.3657467117351896
  _data_pid11: 3.071748659612018
  _data_pid12: 3.113249335220659
  _data_pid13: 2.9524167506228594
  _data_pid14: 3.5750666176669914
  _data_pid15: 13.098144207162429
  _data_pid16: 3.4406435539110545
  _data_pid17: 3.697193184946294
  _data_pid18: 3.0562383061017173
  _data_pid19: 1.9259387606528882
  _data_pid20: 4.8260954012500505
  _data_pid21: 2.6392752892121996
  _data_pid22: 3.022422940790972
  _data_pid23: 2.8822708275402396
  _data_pid24: 2.6149617620879453
  _data_pid25: 2.3997730737468403
  _data_pid26: 2.044292539240496
  _data_pid27: 2.7908855014525233
  _data_pid28: 2.786972979846322
  _data_pid29: 2.4912981327490638
  _data_pid30: 3.0960621867362725
  _data_pid31: 2.8284736554549634
  _data_pid32: 2.198697409770964
  _data_pid33: 2.170471361040507
  _data_pid34: 3.0516271199229794
  _data_pid35: 1.84167981320504
  average: 3.125
  size: 32
  standard: 1.8892478301066364
  std/ave: 60.455930563412366
  total(for debug): 100.0
clock:
  idle_average: 727064.5950413223
  idle_size: 242
  running_average: 93025.408
  running_size: 250
cpu_usage:
  _data_pid00: 14.197989336587177
  _data_pid01: 8.918576274923456
  _data_pid02: 19.486802697368013
  _data_pid03: 9.32302983006326
  _data_pid04: 7.618167950150648
  _data_pid05: 9.491052399903444
  _data_pid06: 12.12108480557948
  _data_pid07: 12.139215444137001
  average: 11.674524797407692
  standard: 3.573535992678368
  std/ave: 30.60969122676296
time_response:
  average: 7143427.878787879
  size: 33
  standard: 1538371.0000539583
  std/ave: 21.53547325118364
time_turnaround:
  average: 1690252228.8484848
  size: 33
  standard: 75354637.47018822
  std/ave: 4.458188913114165
