_environment:
  LOGSIZE: 500
  NCPU: 7
  NPROC: 5000
  date: 2023/12/05 01:43
  forknum: 32
  policy: default
  workload: yieldrepeat
balancing:
  _data_pid05: 2.551999361481363
  _data_pid06: 4.2107111501316945
  _data_pid07: 2.383749700694389
  _data_pid08: 2.2890893127943173
  _data_pid09: 2.5093782424774522
  _data_pid10: 2.9536275840051083
  _data_pid11: 2.8232101524463245
  _data_pid12: 4.177508181020033
  _data_pid13: 3.418788410886743
  _data_pid14: 4.122914837576822
  _data_pid15: 3.4933354617287895
  _data_pid16: 2.93048128342246
  _data_pid17: 3.1929124431319336
  _data_pid18: 4.824327560060659
  _data_pid19: 3.657913640354378
  _data_pid20: 3.60427807486631
  _data_pid21: 3.5937425173597255
  _data_pid22: 3.1249102083167055
  _data_pid23: 3.5859206640593824
  _data_pid24: 3.577779551440657
  _data_pid25: 3.2139835581451033
  _data_pid26: 3.171681698459574
  _data_pid27: 2.736531247505787
  _data_pid28: 2.7228030968153885
  _data_pid29: 2.849070157235214
  _data_pid30: 1.6887221645781787
  _data_pid31: 2.215340410248224
  _data_pid32: 3.0747864953308324
  _data_pid33: 3.449916194428925
  _data_pid34: 2.6683693830313673
  _data_pid35: 2.830553116769096
  _data_pid36: 2.3516641391970627
  average: 3.125
  size: 32
  standard: 0.6603029176356934
  std/ave: 21.129693364342188
  total(for debug): 100.0
clock:
  idle_average: 437135.34426229505
  idle_size: 244
  running_average: 90670.52208835342
  running_size: 249
counters:
  contextswitch: 37485
  worksteal: 0
cpu_usage:
  _data_pid00: 18.84204801160298
  _data_pid01: 17.96185828370767
  _data_pid02: 13.016837159849086
  _data_pid03: 17.395023511103492
  _data_pid04: 18.00417583048221
  _data_pid05: 24.514037059722288
  _data_pid06: 11.948747343199837
  average: 17.46929138108499
  standard: 3.823758374651429
  std/ave: 21.88845724327223
runtime:
  _data_pid00: 12.846356453028973
  _data_pid01: 14.545614175113736
  _data_pid02: 11.29571394365073
  _data_pid03: 15.309601724000318
  _data_pid04: 17.02721685689201
  _data_pid05: 18.260515603799185
  _data_pid06: 10.714981243515046
  average: 14.285714285714286
  standard: 2.6238674503629587
  std/ave: 18.367072152540707
  total(for debug): 100.0
time_response:
  average: 6341847.529411765
  size: 34
  standard: 1915971.8801335178
  std/ave: 30.211572751438144
time_turnaround:
  average: 1101190915.764706
  size: 34
  standard: 203520044.3197354
  std/ave: 18.48181286334022
