_environment:
  LOGSIZE: 500
  NCPU: 8
  NPROC: 15000
  date: 2023/11/16 01:28
  forknum: 32
  policy: default
  workload: yieldrepeat
balancing:
  _data_pid04: 3.3546150987210774
  _data_pid05: 3.7219560400934633
  _data_pid06: 3.7159057187061535
  _data_pid07: 3.9644010613992378
  _data_pid08: 3.1870788184010443
  _data_pid09: 3.455021622696196
  _data_pid10: 4.388211669053183
  _data_pid11: 3.8828657779416806
  _data_pid12: 3.2951202717458634
  _data_pid13: 3.0593017929119046
  _data_pid14: 6.367963260143653
  _data_pid15: 2.955870108243131
  _data_pid16: 2.5669208762017814
  _data_pid17: 2.3270688497762824
  _data_pid18: 3.2788420261085776
  _data_pid19: 2.6729455557508306
  _data_pid20: 2.3990964853394954
  _data_pid21: 2.7168824134443903
  _data_pid22: 2.4745814474097423
  _data_pid23: 2.5844956192792052
  _data_pid24: 3.407195272682223
  _data_pid25: 2.474437392138616
  _data_pid26: 2.4162390626035397
  _data_pid27: 2.3295177893854313
  _data_pid28: 2.108825114019747
  _data_pid29: 3.0113313876268046
  _data_pid30: 2.771623416472432
  _data_pid31: 2.945786239264281
  _data_pid32: 3.425490292115279
  _data_pid33: 3.6248627873542523
  _data_pid34: 2.2226287782096237
  _data_pid35: 2.8929179547608825
  average: 3.125
  size: 32
  standard: 0.8092824394166991
  std/ave: 25.89703806133437
  total(for debug): 100.0
clock:
  idle_average: 1078022.4526748972
  idle_size: 243
  running_average: 90283.8232931727
  running_size: 249
cpu_usage:
  _data_pid00: 9.309056054540607
  _data_pid01: 7.314158555339333
  _data_pid02: 7.654006925079769
  _data_pid03: 8.873638385643405
  _data_pid04: 7.742407553245022
  _data_pid05: 7.468386356202815
  _data_pid06: 7.591049363655772
  _data_pid07: 7.307390549559359
  average: 7.903481185326988
  standard: 0.7066270400251335
  std/ave: 8.940706297080894
time_response:
  average: 8769665.93939394
  size: 33
  standard: 2993924.5353296064
  std/ave: 34.13955053727523
time_turnaround:
  average: 2367877497.212121
  size: 33
  standard: 122581924.34705357
  std/ave: 5.176869347817969
