_environment:
  LOGSIZE: 500
  NCPU: 7
  NPROC: 5000
  date: 2023/11/20 05:05
  forknum: 32
  policy: default
  workload: yieldrepeat
balancing:
  _data_pid04: 14.108443485298084
  _data_pid05: 3.39671645723678
  _data_pid06: 2.559582436747574
  _data_pid07: 2.6115269038462743
  _data_pid08: 2.673885358310174
  _data_pid09: 2.1799110419633503
  _data_pid10: 2.5605861945659063
  _data_pid11: 2.629469074848966
  _data_pid12: 2.842516671790014
  _data_pid13: 2.975640052446346
  _data_pid14: 2.7553152113223884
  _data_pid15: 2.274515216341177
  _data_pid16: 2.6903218925853665
  _data_pid17: 2.2740133374320113
  _data_pid18: 2.7420154202294844
  _data_pid19: 3.252049861669626
  _data_pid20: 3.216541928846118
  _data_pid21: 8.295431019880677
  _data_pid22: 3.196968651388636
  _data_pid23: 2.621940891211473
  _data_pid24: 2.567236090112358
  _data_pid25: 2.8747623917039418
  _data_pid26: 2.995840678540285
  _data_pid27: 2.270374715340556
  _data_pid28: 2.5352413096530135
  _data_pid29: 2.757824605868219
  _data_pid30: 2.480160099372024
  _data_pid31: 1.759085576627499
  _data_pid32: 1.9993601043908131
  _data_pid33: 2.0106523798470524
  _data_pid34: 1.7095250343473378
  _data_pid35: 2.1825459062364727
  average: 3.125
  size: 32
  standard: 2.244977949199369
  std/ave: 71.8392943743798
  total(for debug): 100.0
clock:
  idle_average: 751807.4775510204
  idle_size: 245
  running_average: 90200.35627530364
  running_size: 247
cpu_usage:
  _data_pid00: 12.753042207240641
  _data_pid01: 8.677055391455918
  _data_pid02: 11.276696785844342
  _data_pid03: 11.216582822482318
  _data_pid04: 12.201933721424572
  _data_pid05: 11.174584431205425
  _data_pid06: 8.058447100521143
  average: 10.79054470836575
  standard: 1.6186391390208497
  std/ave: 15.00053225085053
runtime:
  _data_pid00: 3579328
  _data_pid01: 2660288
  _data_pid02: 3388992
  _data_pid03: 3388352
  _data_pid04: 3710528
  _data_pid05: 3415872
  _data_pid06: 2136128
  standard: 526899.5137942067
time_response:
  average: 7608132.705882353
  size: 34
  standard: 2351578.178230095
  std/ave: 30.908742908912906
time_turnaround:
  average: 1658486101.6470587
  size: 34
  standard: 303981065.22230446
  std/ave: 18.328828014923847
