_environment:
  LOGSIZE: 500
  NCPU: 8
  NPROC: 5000
  date: 2023/11/09 10:02
  forknum: 32
  policy: default
  workload: yieldrepeat
balancing:
  _data_pid04: 3.4165732042602577
  _data_pid05: 2.707181331175966
  _data_pid06: 3.6545564347442494
  _data_pid07: 3.5119618315267553
  _data_pid08: 2.611792703909469
  _data_pid09: 2.0228574591139274
  _data_pid10: 2.681624992471461
  _data_pid11: 3.681089448813258
  _data_pid12: 3.924444393802018
  _data_pid13: 2.8938891050235296
  _data_pid14: 3.06610952763096
  _data_pid15: 2.7786414120121306
  _data_pid16: 3.5043112078381453
  _data_pid17: 3.4588958033887383
  _data_pid18: 3.1323606731897726
  _data_pid19: 2.4509668272212446
  _data_pid20: 2.4457578919438934
  _data_pid21: 2.7604101385414004
  _data_pid22: 2.7395743974319946
  _data_pid23: 2.532519220157277
  _data_pid24: 2.6594870175427174
  _data_pid25: 2.9134226123135973
  _data_pid26: 2.6570453291314586
  _data_pid27: 3.292535432968328
  _data_pid28: 3.746038360552733
  _data_pid29: 6.365807246605646
  _data_pid30: 3.189984519695473
  _data_pid31: 3.1750088307730873
  _data_pid32: 3.2074018970291163
  _data_pid33: 3.067411761450298
  _data_pid34: 3.232632677278787
  _data_pid35: 2.5177063104623096
  average: 3.125
  size: 32
  standard: 0.7307425139950295
  std/ave: 23.383760447840945
  total(for debug): 99.99999999999999
clock:
  idle_average: 872457.4814814815
  idle_size: 243
  running_average: 80267.56626506025
  running_size: 249
cpu_usage:
  _data_pid00: 8.457320492671546
  _data_pid01: 9.65079482576753
  _data_pid02: 8.565986018344477
  _data_pid03: 8.731480343948636
  _data_pid04: 7.655968704738958
  _data_pid05: 9.47171552129659
  _data_pid06: 6.638798279152459
  _data_pid07: 9.931687228753932
  average: 8.615154667586967
  standard: 1.0250846397498101
  std/ave: 11.898621432839903
time_response:
  average: 8034135.2727272725
  size: 33
  standard: 3004986.8925209143
  std/ave: 37.40274205640603
time_turnaround:
  average: 1781457993.6969697
  size: 33
  standard: 108167931.4328289
  std/ave: 6.07187662103407
