_environment:
  LOGSIZE: 500
  NCPU: 8
  NPROC: 15000
  date: 2023/11/13 02:56
  forknum: 32
  policy: default
  workload: yieldrepeat
balancing:
  _data_pid04: 3.867388793632584
  _data_pid05: 4.07178185292667
  _data_pid06: 3.241222462209702
  _data_pid07: 2.663139520681269
  _data_pid08: 3.120627465046777
  _data_pid09: 3.255910314428264
  _data_pid10: 8.10522068111436
  _data_pid11: 3.46123102754668
  _data_pid12: 3.3502217865685004
  _data_pid13: 2.9918381924356017
  _data_pid14: 2.3568591496815827
  _data_pid15: 3.0185855443704552
  _data_pid16: 2.5230637932074096
  _data_pid17: 2.970038327563842
  _data_pid18: 2.929066950322592
  _data_pid19: 3.1438188106550315
  _data_pid20: 2.9078855213337187
  _data_pid21: 2.702719417186024
  _data_pid22: 2.3554676689450873
  _data_pid23: 2.5309488507142164
  _data_pid24: 2.404169494722423
  _data_pid25: 2.6614388220033303
  _data_pid26: 2.186634672916992
  _data_pid27: 2.6934428789427223
  _data_pid28: 2.245076863849794
  _data_pid29: 2.6694784884808587
  _data_pid30: 3.3751138308546937
  _data_pid31: 3.3152801591853964
  _data_pid32: 3.3571791902509767
  _data_pid33: 2.9295307772347567
  _data_pid34: 3.2868321085726038
  _data_pid35: 3.3087865824150846
  average: 3.125
  size: 32
  standard: 0.9985375999098898
  std/ave: 31.953203197116476
  total(for debug): 100.0
clock:
  idle_average: 1098654.1563786007
  idle_size: 243
  running_average: 83121.99196787148
  running_size: 249
cpu_usage:
  _data_pid00: 9.272950772502186
  _data_pid01: 7.718561019300443
  _data_pid02: 5.6244458171692004
  _data_pid03: 7.151836103944223
  _data_pid04: 5.916305670396488
  _data_pid05: 7.567664501914972
  _data_pid06: 6.540622642720348
  _data_pid07: 7.859275445501723
  average: 7.194824564740662
  standard: 1.101359451852137
  std/ave: 15.307662361213328
time_response:
  average: 8669330.424242424
  size: 33
  standard: 2684535.236117926
  std/ave: 30.9658889988902
time_turnaround:
  average: 2199955389.090909
  size: 33
  standard: 134697308.21415436
  std/ave: 6.122729073602513
