_environment:
  LOGSIZE: 500
  NCPU: 7
  NPROC: 15000
  date: 2023/11/21 05:36
  forknum: 32
  policy: default
  workload: yieldrepeat
balancing:
  _data_pid05: 3.1280218891781097
  _data_pid06: 3.070001616958406
  _data_pid07: 3.521323242667411
  _data_pid08: 3.767196035598449
  _data_pid09: 3.5110190959617253
  _data_pid10: 2.871527898873519
  _data_pid11: 3.3829306261433643
  _data_pid12: 4.258624570792659
  _data_pid13: 3.617865171032983
  _data_pid14: 4.053175738014692
  _data_pid15: 3.5508089547790633
  _data_pid16: 3.7438928115102077
  _data_pid17: 4.037481729955264
  _data_pid18: 4.074259607427863
  _data_pid19: 3.2683168097093596
  _data_pid20: 2.309872640746718
  _data_pid21: 2.448423782604698
  _data_pid22: 3.3184108152323826
  _data_pid23: 2.545916862973872
  _data_pid24: 2.9178172963821347
  _data_pid25: 2.870735272203851
  _data_pid26: 3.2120403161629256
  _data_pid27: 3.156397923952227
  _data_pid28: 3.1162910144670217
  _data_pid29: 2.858370296157029
  _data_pid30: 2.4853601854112304
  _data_pid31: 2.9517417178439285
  _data_pid32: 2.6446781460145146
  _data_pid33: 2.650385058036125
  _data_pid34: 2.5287961269090413
  _data_pid35: 2.1679924668761315
  _data_pid36: 1.9603242794230944
  average: 3.125
  size: 32
  standard: 0.5800213655291823
  std/ave: 18.560683696933832
  total(for debug): 100.0
clock:
  idle_average: 712588.3278688524
  idle_size: 244
  running_average: 128129.67068273092
  running_size: 249
cpu_usage:
  _data_pid00: 17.319901176039984
  _data_pid01: 14.132824815771485
  _data_pid02: 13.582765659516163
  _data_pid03: 13.374326954008744
  _data_pid04: 15.736280311729255
  _data_pid05: 15.638071306288293
  _data_pid06: 19.063680175701272
  average: 15.50438963096931
  standard: 1.9326987485295961
  std/ave: 12.465493931274267
runtime:
  _data_pid00: 15.110317779884403
  _data_pid01: 16.32493888848377
  _data_pid02: 13.930572244750433
  _data_pid03: 14.305484659503435
  _data_pid04: 12.193610160839803
  _data_pid05: 16.37598404601039
  _data_pid06: 11.759092220527762
  average: 14.285714285714283
  standard: 1.6943127996114464
  std/ave: 11.860189597280128
  total(for debug): 99.99999999999999
time_response:
  average: 7845987.764705882
  size: 34
  standard: 2021506.3628885772
  std/ave: 25.764842152597417
time_turnaround:
  average: 1833775141.6470587
  size: 34
  standard: 337617698.13676554
  std/ave: 18.411073989885388
