_environment:
  LOGSIZE: 500
  NCPU: 4
  NPROC: 5000
  date: 2023/11/14 01:38
  forknum: 32
  policy: default
  workload: yieldrepeat
balancing:
  _data_pid04: 3.2312735854307437
  _data_pid05: 3.5855420613805618
  _data_pid06: 3.6011265347923374
  _data_pid07: 3.174779869313059
  _data_pid08: 3.524595638573798
  _data_pid09: 3.5120724010107645
  _data_pid10: 3.524039050237663
  _data_pid11: 3.592499415582247
  _data_pid12: 3.2162457003551035
  _data_pid13: 3.1469504525063177
  _data_pid14: 2.834147807598544
  _data_pid15: 2.8427749268086338
  _data_pid16: 2.7896207407077576
  _data_pid17: 3.2362828804559576
  _data_pid18: 3.2518673538677323
  _data_pid19: 3.1658744559349015
  _data_pid20: 3.1619783375819575
  _data_pid21: 3.091013324724767
  _data_pid22: 3.086560618035689
  _data_pid23: 3.1255218015651267
  _data_pid24: 3.160865160909688
  _data_pid25: 2.4539979740184568
  _data_pid26: 2.856411341043937
  _data_pid27: 2.6357240657664778
  _data_pid28: 3.2858192423719568
  _data_pid29: 3.792871216590785
  _data_pid30: 3.3091959524896195
  _data_pid31: 3.610310242338562
  _data_pid32: 2.41058408379994
  _data_pid33: 2.5244063985395124
  _data_pid34: 2.912905057161622
  _data_pid35: 2.352142308505783
  average: 3.125
  size: 32
  standard: 0.37405573344311893
  std/ave: 11.969783470179806
  total(for debug): 100.00000000000001
clock:
  idle_average: 248726.67206477732
  idle_size: 247
  running_average: 46949.91164658635
  running_size: 249
cpu_usage:
  _data_pid00: 17.727597656148088
  _data_pid01: 14.305657630539741
  _data_pid02: 14.154859781109689
  _data_pid03: 17.71739830548307
  average: 15.986824716390949
  standard: 1.7469683504362212
  std/ave: 10.927550538820208
time_response:
  average: 4094817.9393939395
  size: 33
  standard: 1316359.0123203343
  std/ave: 32.146948455421786
time_turnaround:
  average: 1057527904.969697
  size: 33
  standard: 42166072.694608495
  std/ave: 3.9872302656464416
