_environment:
  LOGSIZE: 500
  NCPU: 7
  NPROC: 15000
  date: 2023/11/29 00:20
  forknum: 32
  policy: default
  workload: yieldrepeat
balancing:
  _data_pid05: 3.27423556644754
  _data_pid06: 2.3663814469764706
  _data_pid07: 2.746108148758978
  _data_pid08: 2.4029797504829586
  _data_pid09: 2.3589691323422453
  _data_pid10: 2.8282613026216428
  _data_pid11: 2.810811478586904
  _data_pid12: 3.086611352268709
  _data_pid13: 3.17741220653797
  _data_pid14: 3.0015241571966627
  _data_pid15: 3.064992101252218
  _data_pid16: 3.2191064763554884
  _data_pid17: 3.913856550092577
  _data_pid18: 3.9516902393714357
  _data_pid19: 2.7942881938814432
  _data_pid20: 4.361066199690844
  _data_pid21: 4.209113749689223
  _data_pid22: 3.628173590231805
  _data_pid23: 3.717584635507149
  _data_pid24: 2.88400808559988
  _data_pid25: 3.151160258875089
  _data_pid26: 2.8466376659856603
  _data_pid27: 3.29292077625465
  _data_pid28: 3.4490426532380236
  _data_pid29: 3.5593008334221263
  _data_pid30: 2.450542102719239
  _data_pid31: 2.6741469275183722
  _data_pid32: 2.849108437530402
  _data_pid33: 2.4508509491623314
  _data_pid34: 3.1506969892104495
  _data_pid35: 3.2692940233580567
  _data_pid36: 3.0591240188334563
  average: 3.125
  size: 32
  standard: 0.5142763870863658
  std/ave: 16.456844386763706
  total(for debug): 100.0
clock:
  idle_average: 824961.0448979592
  idle_size: 245
  running_average: 83557.54838709677
  running_size: 248
counters:
  contextswitch: 35941
  worksteal: 0
cpu_usage:
  _data_pid00: 7.585295396014867
  _data_pid01: 10.833548128418823
  _data_pid02: 9.461107520977984
  _data_pid03: 8.586647917641747
  _data_pid04: 8.975070469218492
  _data_pid05: 8.046195184088424
  _data_pid06: 11.513521563197441
  average: 9.299265517551857
  standard: 1.3311622693266942
  std/ave: 14.314703315161804
runtime:
  _data_pid00: 11.884719976651208
  _data_pid01: 16.356044356526155
  _data_pid02: 15.034644849753926
  _data_pid03: 12.862064545818141
  _data_pid04: 14.509760319717838
  _data_pid05: 11.324781375324095
  _data_pid06: 18.027984576208635
  average: 14.285714285714286
  standard: 2.2507339469039667
  std/ave: 15.755137628327764
  total(for debug): 100.0
time_response:
  average: 7589208.470588235
  size: 34
  standard: 2540490.5412857044
  std/ave: 33.475039605662495
time_turnaround:
  average: 1920920717.1764705
  size: 34
  standard: 346584665.44863445
  std/ave: 18.042632491260417
