_environment:
  LOGSIZE: 500
  NCPU: 8
  NPROC: 100
  date: 2023/11/17 07:06
  forknum: 32
  policy: default
  workload: yieldrepeat
balancing:
  _data_pid04: 3.698654108051766
  _data_pid05: 3.3148961099233856
  _data_pid06: 3.229684183296941
  _data_pid07: 2.5951596582393086
  _data_pid08: 2.9445285574077316
  _data_pid09: 2.315025449454872
  _data_pid10: 2.0730844434976454
  _data_pid11: 2.5700525727154453
  _data_pid12: 2.2990482132124135
  _data_pid13: 2.657242633352861
  _data_pid14: 2.926725351308992
  _data_pid15: 3.169122849730289
  _data_pid16: 2.981960939461491
  _data_pid17: 2.3098518681954094
  _data_pid18: 2.4108888669096222
  _data_pid19: 2.3007220189140045
  _data_pid20: 2.6446130085135846
  _data_pid21: 3.172774789442851
  _data_pid22: 3.321591332729749
  _data_pid23: 3.15162397194093
  _data_pid24: 3.107952859544877
  _data_pid25: 3.2977015604434063
  _data_pid26: 3.2337926154735728
  _data_pid27: 3.8585786346310402
  _data_pid28: 3.711892389509803
  _data_pid29: 3.428410569322185
  _data_pid30: 3.564293159460426
  _data_pid31: 2.9878953414944043
  _data_pid32: 3.0195454856699406
  _data_pid33: 3.428714897631565
  _data_pid34: 7.205277052884653
  _data_pid35: 3.0686945076348366
  average: 3.125
  size: 32
  standard: 0.8629978936549146
  std/ave: 27.615932596957272
  total(for debug): 99.99999999999999
clock:
  idle_average: 730766.2222222222
  idle_size: 243
  running_average: 84457.51004016065
  running_size: 249
cpu_usage:
  _data_pid00: 11.743999276635451
  _data_pid01: 9.584076624530848
  _data_pid02: 11.742252430165454
  _data_pid03: 10.637753674736834
  _data_pid04: 10.879882347203308
  _data_pid05: 8.835333621292525
  _data_pid06: 10.553062940393014
  _data_pid07: 10.797799440208474
  average: 10.588757711545151
  standard: 0.9274386762332346
  std/ave: 8.75871090356547
runtime:
  _data_pid00: 2992480
  _data_pid01: 2398304
  _data_pid02: 2692320
  _data_pid03: 2555328
  _data_pid04: 2784000
  _data_pid05: 2199328
  _data_pid06: 2723136
  _data_pid07: 2685024
  standard: 227875.54241734676
time_response:
  average: 6689889.939393939
  size: 33
  standard: 2178647.8925679256
  std/ave: 32.56627406885706
time_turnaround:
  average: 1691832115.3939395
  size: 33
  standard: 74944610.91456303
  std/ave: 4.429790062066078
