_environment:
  LOGSIZE: 500
  NCPU: 7
  NPROC: 100
  date: 2023/11/21 05:36
  forknum: 32
  policy: default
  workload: yieldrepeat
balancing:
  _data_pid05: 3.213354199269692
  _data_pid06: 2.781364110589463
  _data_pid07: 4.929251434533125
  _data_pid08: 2.9644300991131978
  _data_pid09: 3.169014084507042
  _data_pid10: 2.9998043818466353
  _data_pid11: 5.626956181533646
  _data_pid12: 3.508085550339071
  _data_pid13: 3.679088419405321
  _data_pid14: 3.437173969744392
  _data_pid15: 3.104134063641106
  _data_pid16: 2.9678534167970785
  _data_pid17: 2.594874804381847
  _data_pid18: 2.8191836202399583
  _data_pid19: 2.7259389671361505
  _data_pid20: 2.2439032342201357
  _data_pid21: 2.31122848200313
  _data_pid22: 2.846407146583203
  _data_pid23: 2.673611111111111
  _data_pid24: 2.4874478351591027
  _data_pid25: 2.5006520605112157
  _data_pid26: 3.0951682316118934
  _data_pid27: 2.423219874804382
  _data_pid28: 3.6655581637976007
  _data_pid29: 2.4933163797600417
  _data_pid30: 4.564749608763694
  _data_pid31: 4.676414971309337
  _data_pid32: 3.0557185706833594
  _data_pid33: 3.1585811163275954
  _data_pid34: 2.2559663536776213
  _data_pid35: 2.2233633281168492
  _data_pid36: 2.804186228482003
  average: 3.125
  size: 32
  standard: 0.8033553343203861
  std/ave: 25.70737069825235
  total(for debug): 100.00000000000001
clock:
  idle_average: 495613.23456790124
  idle_size: 243
  running_average: 99472.512
  running_size: 250
cpu_usage:
  _data_pid00: 22.60534627778079
  _data_pid01: 16.47856976564319
  _data_pid02: 13.38981019102288
  _data_pid03: 17.360328068229393
  _data_pid04: 13.001402223306362
  _data_pid05: 14.725424697339506
  _data_pid06: 22.51513463438355
  average: 17.11477017159499
  standard: 3.7086675789121326
  std/ave: 21.669397495429575
runtime:
  _data_pid00: 12.678338549817422
  _data_pid01: 17.19222743870631
  _data_pid02: 11.938412884715701
  _data_pid03: 15.13807381324987
  _data_pid04: 13.814880020865935
  _data_pid05: 15.795024778299426
  _data_pid06: 13.443042514345333
  average: 14.285714285714286
  standard: 1.7103723436901606
  std/ave: 11.972606405831124
  total(for debug): 100.0
time_response:
  average: 6184080.0
  size: 34
  standard: 1658617.1274337156
  std/ave: 26.820757937053134
time_turnaround:
  average: 1314217747.764706
  size: 34
  standard: 235928175.94209012
  std/ave: 17.951985227970766
