_environment:
  LOGSIZE: 500
  NCPU: 7
  NPROC: 5000
  date: 2023/11/21 05:36
  forknum: 32
  policy: default
  workload: yieldrepeat
balancing:
  _data_pid05: 2.978549315812934
  _data_pid06: 2.910619096176979
  _data_pid07: 2.4262537323457756
  _data_pid08: 2.535857996837047
  _data_pid09: 2.4526625593053715
  _data_pid10: 1.7382503617856642
  _data_pid11: 2.406408949081339
  _data_pid12: 2.0415702413736256
  _data_pid13: 3.0365571438166707
  _data_pid14: 2.848184354983483
  _data_pid15: 3.3791086333966334
  _data_pid16: 3.0695300144714266
  _data_pid17: 2.4514413418737138
  _data_pid18: 2.8258971368557315
  _data_pid19: 2.7747586569050684
  _data_pid20: 2.692631784626094
  _data_pid21: 5.094155863980802
  _data_pid22: 3.974757435687637
  _data_pid23: 3.3925420251448672
  _data_pid24: 5.386637438862802
  _data_pid25: 3.8869824327872458
  _data_pid26: 3.753717080557608
  _data_pid27: 2.8475737462676545
  _data_pid28: 3.572671596314366
  _data_pid29: 3.0670875796081116
  _data_pid30: 3.3585005892374107
  _data_pid31: 3.3273595447301414
  _data_pid32: 3.4987879416990797
  _data_pid33: 3.087695623767334
  _data_pid34: 2.8875686171544412
  _data_pid35: 3.1537940172558026
  _data_pid36: 3.141887147297141
  average: 3.125
  size: 32
  standard: 0.7354812336587491
  std/ave: 23.53539947707997
  total(for debug): 100.00000000000001
clock:
  idle_average: 649765.3551020408
  idle_size: 245
  running_average: 109158.45161290323
  running_size: 248
cpu_usage:
  _data_pid00: 17.842995367296545
  _data_pid01: 14.3784032774091
  _data_pid02: 11.487305396709358
  _data_pid03: 20.397559619688394
  _data_pid04: 10.64216516400034
  _data_pid05: 10.625498322762306
  _data_pid06: 16.501890066683252
  average: 14.533846532333325
  standard: 3.5643620473533666
  std/ave: 24.524560923522625
runtime:
  _data_pid00: 13.468043792857099
  _data_pid01: 14.957929059479394
  _data_pid02: 14.584236525392164
  _data_pid03: 18.542965482289294
  _data_pid04: 13.737322236537604
  _data_pid05: 13.548644143346502
  _data_pid06: 11.160858760097941
  average: 14.285714285714286
  standard: 2.0682114186494673
  std/ave: 14.47747993054627
  total(for debug): 100.0
time_response:
  average: 7672091.294117647
  size: 34
  standard: 2012865.203367454
  std/ave: 26.236199833945665
time_turnaround:
  average: 1531365280.0
  size: 34
  standard: 282299625.00636727
  std/ave: 18.43450603806084
