_environment:
  LOGSIZE: 500
  NCPU: 8
  NPROC: 5000
  date: 2023/11/16 01:28
  forknum: 32
  policy: default
  workload: yieldrepeat
balancing:
  _data_pid04: 3.0869833029016434
  _data_pid05: 3.2312130144972175
  _data_pid06: 2.858883120311503
  _data_pid07: 3.670776778053985
  _data_pid08: 3.4131156917526453
  _data_pid09: 3.0827210330642147
  _data_pid10: 3.583331500098995
  _data_pid11: 2.7708878720549093
  _data_pid12: 3.764271729326616
  _data_pid13: 3.4063785555579997
  _data_pid14: 2.9943133070814176
  _data_pid15: 8.951729106628243
  _data_pid16: 3.1440427216930287
  _data_pid17: 2.5766108630133973
  _data_pid18: 2.8654827639307476
  _data_pid19: 3.046972963459973
  _data_pid20: 2.5305508502540865
  _data_pid21: 2.649481927975889
  _data_pid22: 2.598334689926744
  _data_pid23: 3.3949666717997227
  _data_pid24: 3.657165013089293
  _data_pid25: 2.56519897925512
  _data_pid26: 3.004625250236487
  _data_pid27: 3.466050333282003
  _data_pid28: 2.8489836548826366
  _data_pid29: 3.2835976857249713
  _data_pid30: 2.0302153683701083
  _data_pid31: 2.3896209604681347
  _data_pid32: 2.2830642145324154
  _data_pid33: 1.9906175066546405
  _data_pid34: 2.7219405152121787
  _data_pid35: 2.137872054909035
  average: 3.125
  size: 32
  standard: 1.1492152496499515
  std/ave: 36.77488798879845
  total(for debug): 100.0
clock:
  idle_average: 885210.8641975309
  idle_size: 243
  running_average: 94541.62248995985
  running_size: 249
cpu_usage:
  _data_pid00: 12.510141040997649
  _data_pid01: 8.696388320470339
  _data_pid02: 9.765476000725503
  _data_pid03: 10.356858375254156
  _data_pid04: 6.568382376462954
  _data_pid05: 10.16914230851744
  _data_pid06: 9.909274766347274
  _data_pid07: 10.778411654541971
  average: 9.864299044668064
  standard: 1.5972827237114495
  std/ave: 16.19256184832339
time_response:
  average: 8162019.878787879
  size: 33
  standard: 2809906.5849073064
  std/ave: 34.426607955341055
time_turnaround:
  average: 1842924172.6060605
  size: 33
  standard: 106276030.02411924
  std/ave: 5.7667066070241715
