_environment:
  LOGSIZE: 500
  NCPU: 4
  NPROC: 15000
  date: 2023/11/12 23:47
  forknum: 32
  policy: default
  workload: yieldrepeat
balancing:
  _data_pid04: 4.20147427005211
  _data_pid05: 3.0710703111262454
  _data_pid06: 3.430845793362156
  _data_pid07: 3.4093541625381336
  _data_pid08: 3.4074003779177677
  _data_pid09: 3.0841885792915575
  _data_pid10: 3.208114346640467
  _data_pid11: 3.1559203860678413
  _data_pid12: 2.582624156034822
  _data_pid13: 2.9811962185894236
  _data_pid14: 2.7922373345911984
  _data_pid15: 2.8360579325051147
  _data_pid16: 3.159269731131325
  _data_pid17: 3.1589906190427017
  _data_pid18: 3.109308667267688
  _data_pid19: 2.929002258016797
  _data_pid20: 3.3546481931678946
  _data_pid21: 3.2061605620201017
  _data_pid22: 3.170992438853519
  _data_pid23: 3.1869018279050683
  _data_pid24: 3.7883883788890778
  _data_pid25: 3.2580754105041043
  _data_pid26: 3.429171120830414
  _data_pid27: 3.316409837026452
  _data_pid28: 3.3278534326600218
  _data_pid29: 2.81289162914935
  _data_pid30: 2.9516103371953144
  _data_pid31: 2.802564481870274
  _data_pid32: 2.7888879895277148
  _data_pid33: 2.9770095372600682
  _data_pid34: 2.8159618621242104
  _data_pid35: 2.295417816841065
  average: 3.125
  size: 32
  standard: 0.34545447463107815
  std/ave: 11.0545431881945
  total(for debug): 100.00000000000001
clock:
  idle_average: 280683.5303643725
  idle_size: 247
  running_average: 46799.55020080321
  running_size: 249
cpu_usage:
  _data_pid00: 14.068640622765708
  _data_pid01: 15.878783935455536
  _data_pid02: 15.558852944241469
  _data_pid03: 12.09198941242077
  average: 14.389740327223658
  standard: 1.4972340719779704
  std/ave: 10.404872068089954
time_response:
  average: 4357600.0
  size: 33
  standard: 1375873.1800726226
  std/ave: 31.57410455463151
time_turnaround:
  average: 1233776553.6969697
  size: 33
  standard: 49905131.85943477
  std/ave: 4.044908432559828
