_environment:
  LOGSIZE: 500
  NCPU: 8
  NPROC: 100
  date: 2023/11/13 02:56
  forknum: 32
  policy: default
  workload: yieldrepeat
balancing:
  _data_pid04: 3.7499942618523354
  _data_pid05: 3.5738713828629836
  _data_pid06: 3.730102016614615
  _data_pid07: 2.7033561278061455
  _data_pid08: 2.4475112505948546
  _data_pid09: 2.8773367650006656
  _data_pid10: 2.3365737290768007
  _data_pid11: 2.6638776718728243
  _data_pid12: 3.0320372260417034
  _data_pid13: 2.70228500690873
  _data_pid14: 3.5457162049880573
  _data_pid15: 5.370141127829098
  _data_pid16: 2.8063367512291113
  _data_pid17: 3.4577312741289115
  _data_pid18: 3.1137484487874145
  _data_pid19: 2.601140590738477
  _data_pid20: 3.1125243106189395
  _data_pid21: 3.6017205261957916
  _data_pid22: 3.185054497101088
  _data_pid23: 3.281149343326381
  _data_pid24: 3.460179550465861
  _data_pid25: 3.017500585291062
  _data_pid26: 3.1523088010943794
  _data_pid27: 2.703509145077205
  _data_pid28: 2.393037102097714
  _data_pid29: 3.224685970305469
  _data_pid30: 3.200203206935967
  _data_pid31: 3.170517856350447
  _data_pid32: 3.1481773347757764
  _data_pid33: 3.1674575109292586
  _data_pid34: 2.716362595846193
  _data_pid35: 2.753851827255742
  average: 3.1250000000000004
  size: 32
  standard: 0.5534165035438803
  std/ave: 17.709328113404165
  total(for debug): 99.99999999999999
clock:
  idle_average: 858143.4732510288
  idle_size: 243
  running_average: 85343.61445783133
  running_size: 249
cpu_usage:
  _data_pid00: 10.625893448286188
  _data_pid01: 8.311154711754861
  _data_pid02: 10.45507555783039
  _data_pid03: 6.8115858228456165
  _data_pid04: 7.523734381435836
  _data_pid05: 8.364388086502544
  _data_pid06: 11.293186686347847
  _data_pid07: 10.51674830879041
  average: 9.248243219549545
  standard: 1.5698657649058816
  std/ave: 16.974745663991577
time_response:
  average: 7690421.333333333
  size: 33
  standard: 2594763.5014022244
  std/ave: 33.74019951488862
time_turnaround:
  average: 1529707343.5151515
  size: 33
  standard: 88815793.1459857
  std/ave: 5.806064377117635
