_environment:
  LOGSIZE: 500
  NCPU: 7
  NPROC: 100
  date: 2023/11/28 07:33
  forknum: 32
  policy: default
  workload: yieldrepeat
balancing:
  _data_pid05: 4.122959216460084
  _data_pid06: 3.4158908003613777
  _data_pid07: 3.5387441739150156
  _data_pid08: 3.1679159909731123
  _data_pid09: 3.1149945377500066
  _data_pid10: 3.109891397617779
  _data_pid11: 2.8042700052543443
  _data_pid12: 2.7757302215518838
  _data_pid13: 2.733771069353564
  _data_pid14: 3.1378641657499915
  _data_pid15: 2.0552424369573186
  _data_pid16: 3.0586709911054157
  _data_pid17: 2.582566917287549
  _data_pid18: 2.7396302302461226
  _data_pid19: 2.459713543733911
  _data_pid20: 2.767413993188253
  _data_pid21: 3.3476599267415885
  _data_pid22: 3.228964667369766
  _data_pid23: 3.250322253849091
  _data_pid24: 3.0036704807914023
  _data_pid25: 3.240304978774717
  _data_pid26: 3.061695074146736
  _data_pid27: 2.864562660890668
  _data_pid28: 2.991385143436039
  _data_pid29: 3.228586656989601
  _data_pid30: 3.4172138366919556
  _data_pid31: 3.849846716790843
  _data_pid32: 3.0858877384772985
  _data_pid33: 4.127873351402229
  _data_pid34: 3.4516127812869746
  _data_pid35: 3.4705133002952264
  _data_pid36: 2.7946307405601356
  average: 3.125
  size: 32
  standard: 0.4312690920961216
  std/ave: 13.800610947075889
  total(for debug): 100.0
clock:
  idle_average: 534995.4098360656
  idle_size: 244
  running_average: 67994.98795180723
  running_size: 249
counters:
  contextswitch: 38169
  worksteal: 0
cpu_usage:
  _data_pid00: 11.258224168300558
  _data_pid01: 11.271145027298
  _data_pid02: 9.58490680498051
  _data_pid03: 13.194044631569078
  _data_pid04: 12.294202349374762
  _data_pid05: 11.817387069168166
  _data_pid06: 10.891606657100676
  average: 11.480839661958335
  standard: 1.0518813564604401
  std/ave: 9.16205946108489
runtime:
  _data_pid00: 14.09770812306506
  _data_pid01: 13.165156515197907
  _data_pid02: 11.945128013215243
  _data_pid03: 17.02256343959205
  _data_pid04: 15.330399972783251
  _data_pid05: 14.537334195197
  _data_pid06: 13.901709740949485
  average: 14.285714285714286
  standard: 1.4910122965079797
  std/ave: 10.437086075555857
  total(for debug): 100.0
time_response:
  average: 6139881.411764706
  size: 34
  standard: 1575789.6322452608
  std/ave: 25.664821949587985
time_turnaround:
  average: 1384184967.5294118
  size: 34
  standard: 248796441.29274532
  std/ave: 17.974219279148382
