_environment:
  LOGSIZE: 500
  NCPU: 7
  NPROC: 15000
  date: 2023/12/05 01:43
  forknum: 32
  policy: default
  workload: yieldrepeat
balancing:
  _data_pid05: 2.7814951308393896
  _data_pid06: 4.496668635763981
  _data_pid07: 3.0410675569309324
  _data_pid08: 4.3349703764354475
  _data_pid09: 3.1601636304030736
  _data_pid10: 3.394238093956033
  _data_pid11: 2.866382757675916
  _data_pid12: 2.9172203103149554
  _data_pid13: 2.720996859474552
  _data_pid14: 2.9406594311578766
  _data_pid15: 3.233173324380011
  _data_pid16: 3.477066879096897
  _data_pid17: 2.66445789906291
  _data_pid18: 4.3308526930441245
  _data_pid19: 2.332034151432558
  _data_pid20: 3.010660048810385
  _data_pid21: 3.3552784741765818
  _data_pid22: 3.2323814621893723
  _data_pid23: 3.2125849074233916
  _data_pid24: 3.8809165963229084
  _data_pid25: 2.8126945011505757
  _data_pid26: 2.661765567614737
  _data_pid27: 2.714661961949438
  _data_pid28: 2.642919247477523
  _data_pid29: 2.80208354779601
  _data_pid30: 4.316757546050746
  _data_pid31: 2.626290141474099
  _data_pid32: 2.50481848143004
  _data_pid33: 4.074606088153267
  _data_pid34: 2.6943902898690735
  _data_pid35: 2.6142538361763825
  _data_pid36: 2.1514895719668115
  average: 3.125
  size: 32
  standard: 0.615056486708589
  std/ave: 19.68180757467485
  total(for debug): 100.0
clock:
  idle_average: 545561.6790123457
  idle_size: 243
  running_average: 97851.392
  running_size: 250
counters:
  contextswitch: 36207
  worksteal: 0
cpu_usage:
  _data_pid00: 16.71912019519785
  _data_pid01: 15.317699118792827
  _data_pid02: 14.26505685189499
  _data_pid03: 16.815526577113605
  _data_pid04: 18.178114293447678
  _data_pid05: 16.33807482156956
  _data_pid06: 11.384315240047936
  average: 15.578024923160754
  standard: 2.0546290917190975
  std/ave: 13.18927849874191
runtime:
  _data_pid00: 13.465774924258382
  _data_pid01: 17.18103395029956
  _data_pid02: 13.879602105086446
  _data_pid03: 14.51071627102592
  _data_pid04: 17.287301856283346
  _data_pid05: 11.629129759289732
  _data_pid06: 12.04644113375661
  average: 14.285714285714286
  standard: 2.082307890372702
  std/ave: 14.576155232608912
  total(for debug): 100.0
time_response:
  average: 7155482.352941177
  size: 34
  standard: 1868883.3300111385
  std/ave: 26.118201930062142
time_turnaround:
  average: 1381706659.764706
  size: 34
  standard: 255107440.88616255
  std/ave: 18.463212801594615
