_environment:
  LOGSIZE: 500
  NCPU: 7
  NPROC: 5000
  date: 2023/11/28 23:33
  forknum: 32
  policy: default
  workload: yieldrepeat
balancing:
  _data_pid05: 3.2532667611272292
  _data_pid06: 2.8246599901683904
  _data_pid07: 2.8306039371419573
  _data_pid08: 2.503204911949261
  _data_pid09: 2.418704476595307
  _data_pid10: 3.2023415938131543
  _data_pid11: 3.7093442059368784
  _data_pid12: 3.1668385591872537
  _data_pid13: 4.0132887376663104
  _data_pid14: 3.836576800614315
  _data_pid15: 3.4229102206971445
  _data_pid16: 3.2561584110062625
  _data_pid17: 2.9253857942880277
  _data_pid18: 2.837833061839539
  _data_pid19: 2.8616088497338077
  _data_pid20: 3.7573777233719206
  _data_pid21: 3.361061042728947
  _data_pid22: 2.9247432054260205
  _data_pid23: 3.5504641098055845
  _data_pid24: 3.2834684376415706
  _data_pid25: 3.182260691875428
  _data_pid26: 3.442348533772864
  _data_pid27: 3.0796071211697686
  _data_pid28: 3.074305763058209
  _data_pid29: 2.7436937935554764
  _data_pid30: 2.9332575078476166
  _data_pid31: 2.760722398398668
  _data_pid32: 2.8150211572382817
  _data_pid33: 2.759276573459152
  _data_pid34: 3.5654043008472533
  _data_pid35: 2.71124305602411
  _data_pid36: 2.993018272014291
  average: 3.125
  size: 32
  standard: 0.3856319508871532
  std/ave: 12.340222428388902
  total(for debug): 99.99999999999999
clock:
  idle_average: 696049.7049180327
  idle_size: 244
  running_average: 79997.68674698795
  running_size: 249
counters:
  contextswitch: 36691
  worksteal: 0
cpu_usage:
  _data_pid00: 10.313774573840643
  _data_pid01: 8.583847928478665
  _data_pid02: 9.969174271344743
  _data_pid03: 12.384975713328158
  _data_pid04: 10.713241046222917
  _data_pid05: 13.33917172843033
  _data_pid06: 8.283005630356683
  average: 10.497413008500537
  standard: 1.713941069115005
  std/ave: 16.327270992644564
runtime:
  _data_pid00: 14.5350387641731
  _data_pid01: 11.350850305711651
  _data_pid02: 13.902891971173464
  _data_pid03: 15.405425377761928
  _data_pid04: 15.180197981628385
  _data_pid05: 18.30285855655264
  _data_pid06: 11.322737042998833
  average: 14.285714285714286
  standard: 2.2612473942708133
  std/ave: 15.828731759895692
  total(for debug): 100.0
time_response:
  average: 7042272.94117647
  size: 34
  standard: 2214821.078652271
  std/ave: 31.450372587834785
time_turnaround:
  average: 1650408173.1764705
  size: 34
  standard: 297247251.2596346
  std/ave: 18.010529521768877
