_environment:
  LOGSIZE: 500
  NCPU: 7
  NPROC: 100
  date: 2023/11/20 05:05
  forknum: 32
  policy: default
  workload: yieldrepeat
balancing:
  _data_pid05: 3.4322793172727106
  _data_pid06: 3.3048561964922443
  _data_pid07: 3.1481112780321814
  _data_pid08: 3.226483737262213
  _data_pid09: 2.8704591938315627
  _data_pid10: 2.941591703017249
  _data_pid11: 2.4883708302412715
  _data_pid12: 3.356802838060417
  _data_pid13: 2.9768864594834294
  _data_pid14: 3.051276946189071
  _data_pid15: 3.010190229687415
  _data_pid16: 3.138518344223425
  _data_pid17: 3.53581060290684
  _data_pid18: 3.538706582924578
  _data_pid19: 3.265217469999457
  _data_pid20: 3.844051476044815
  _data_pid21: 3.726764285326431
  _data_pid22: 3.1566182193342867
  _data_pid23: 3.544136545457836
  _data_pid24: 3.1410523267389454
  _data_pid25: 3.119332476605911
  _data_pid26: 3.600970153305942
  _data_pid27: 3.28186935510145
  _data_pid28: 3.1276584191569077
  _data_pid29: 2.8547123024851127
  _data_pid30: 2.893446035222357
  _data_pid31: 3.3560788430559834
  _data_pid32: 3.4912849101341203
  _data_pid33: 3.3685677568824777
  _data_pid34: 3.147206284276639
  _data_pid35: 3.0606888812467195
  average: 3.225806451612903
  size: 31
  standard: 0.28203344084784543
  std/ave: 8.743036666283208
  total(for debug): 100.0
clock:
  idle_average: 562710.1639344263
  idle_size: 244
  running_average: 71943.32530120482
  running_size: 249
cpu_usage:
  _data_pid00: 12.842316678054264
  _data_pid01: 11.442389590237896
  _data_pid02: 8.729492362154952
  _data_pid03: 12.182419359496375
  _data_pid04: 12.32140091023759
  _data_pid05: 11.163577479035885
  _data_pid06: 12.332201612162038
  average: 11.541325651884744
  standard: 1.2759573134916133
  std/ave: 11.055552472720017
runtime:
  _data_pid00: 2983264
  _data_pid01: 2605152
  _data_pid02: 2046112
  _data_pid03: 2699936
  _data_pid04: 2138112
  _data_pid05: 2521536
  _data_pid06: 2919776
  standard: 332470.508854729
time_response:
  average: 6149005.176470588
  size: 34
  standard: 1614273.7463438744
  std/ave: 26.252600217689796
time_turnaround:
  average: 1426366869.6470587
  size: 34
  standard: 253583675.1469732
  std/ave: 17.778292565763262
