_environment:
  LOGSIZE: 500
  NCPU: 7
  NPROC: 5000
  date: 2023/11/28 07:33
  forknum: 32
  policy: default
  workload: yieldrepeat
balancing:
  _data_pid05: 2.463394858587304
  _data_pid06: 2.8145816441709988
  _data_pid07: 3.0358817824835853
  _data_pid08: 3.0342919826393855
  _data_pid09: 2.5985278453442713
  _data_pid10: 3.3261792340344347
  _data_pid11: 3.741116993370534
  _data_pid12: 3.317912274844597
  _data_pid13: 3.18118948824343
  _data_pid14: 2.8656142191698066
  _data_pid15: 2.2117295432505046
  _data_pid16: 3.6799096993688494
  _data_pid17: 5.014069728621166
  _data_pid18: 7.618638813373396
  _data_pid19: 3.0470103813929823
  _data_pid20: 3.4021716665871766
  _data_pid21: 3.4454142223494064
  _data_pid22: 2.9854851274224576
  _data_pid23: 3.1770560086485116
  _data_pid24: 2.5853325066374144
  _data_pid25: 2.9109235147294954
  _data_pid26: 3.128090173447163
  _data_pid27: 2.0254050015103098
  _data_pid28: 1.925406591310154
  _data_pid29: 2.682310297133591
  _data_pid30: 2.7476510707301953
  _data_pid31: 2.6114052240822883
  _data_pid32: 2.553536509753422
  _data_pid33: 2.9155339342776743
  _data_pid34: 2.815535524077519
  _data_pid35: 3.203923626015485
  _data_pid36: 2.9347705123924896
  average: 3.125
  size: 32
  standard: 0.9772769599497678
  std/ave: 31.27286271839257
  total(for debug): 100.0
clock:
  idle_average: 671043.2786885246
  idle_size: 244
  running_average: 80836.6265060241
  running_size: 249
counters:
  contextswitch: 37033
  worksteal: 0
cpu_usage:
  _data_pid00: 12.909375870123206
  _data_pid01: 10.635490828482132
  _data_pid02: 9.915048054479515
  _data_pid03: 12.839957662515188
  _data_pid04: 10.310688810317474
  _data_pid05: 10.369626929304914
  _data_pid06: 9.587498884751382
  average: 10.947462587336824
  standard: 1.263935105017457
  std/ave: 11.545461744527714
runtime:
  _data_pid00: 16.879222905836155
  _data_pid01: 13.5465254924405
  _data_pid02: 12.122064832037646
  _data_pid03: 17.203065134099617
  _data_pid04: 13.287070157867126
  _data_pid05: 13.978315130125118
  _data_pid06: 12.983736347593839
  average: 14.285714285714286
  standard: 1.8225544417504773
  std/ave: 12.75788109225334
  total(for debug): 100.0
time_response:
  average: 7059268.705882353
  size: 34
  standard: 2512991.126107498
  std/ave: 35.59846254348515
time_turnaround:
  average: 1665434978.8235295
  size: 34
  standard: 301238499.7890295
  std/ave: 18.087677010472405
