_environment:
  LOGSIZE: 500
  NCPU: 4
  NPROC: 5000
  date: 2023/11/12 23:47
  forknum: 32
  policy: default
  workload: yieldrepeat
balancing:
  _data_pid04: 3.513756688923616
  _data_pid05: 3.1310151564532616
  _data_pid06: 3.1457788400201676
  _data_pid07: 3.1488430007604693
  _data_pid08: 3.0410402547153255
  _data_pid09: 3.0062202463028114
  _data_pid10: 3.1900698907208853
  _data_pid11: 3.156364122577572
  _data_pid12: 3.736883302831006
  _data_pid13: 3.6095813520748545
  _data_pid14: 3.2324110209505026
  _data_pid15: 3.165835164865776
  _data_pid16: 3.1310151564532616
  _data_pid17: 3.2973155166314285
  _data_pid18: 3.8084732401271344
  _data_pid19: 3.678664248765282
  _data_pid20: 3.6237879155071604
  _data_pid21: 3.6555437631793732
  _data_pid22: 3.161378203788974
  _data_pid23: 3.2207114981238982
  _data_pid24: 3.124051154770759
  _data_pid25: 3.1379791581357646
  _data_pid26: 3.199262372941789
  _data_pid27: 2.465535155673294
  _data_pid28: 2.7702798692996167
  _data_pid29: 2.8544050096242506
  _data_pid30: 2.8390842059227444
  _data_pid31: 2.3485399274072463
  _data_pid32: 2.5156759677873137
  _data_pid33: 2.4374005888759824
  _data_pid34: 2.783929312597322
  _data_pid35: 2.869168693191156
  average: 3.125
  size: 32
  standard: 0.37480158624446025
  std/ave: 11.993650759822728
  total(for debug): 99.99999999999999
clock:
  idle_average: 234918.21862348178
  idle_size: 247
  running_average: 46929.34939759036
  running_size: 249
cpu_usage:
  _data_pid00: 17.102610969830078
  _data_pid01: 16.23874084687552
  _data_pid02: 17.944683908045977
  _data_pid03: 15.679738970243857
  average: 16.762836226223854
  standard: 0.8602305580463119
  std/ave: 5.131772132335001
time_response:
  average: 4426883.878787879
  size: 33
  standard: 1540812.9661081568
  std/ave: 34.80581393813396
time_turnaround:
  average: 1045139718.7878788
  size: 33
  standard: 44923667.63700156
  std/ave: 4.2983408657650735
