_environment:
  LOGSIZE: 500
  NCPU: 7
  NPROC: 100
  date: 2023/12/05 01:43
  forknum: 32
  policy: default
  workload: yieldrepeat
balancing:
  _data_pid05: 2.377742847549017
  _data_pid06: 2.9695020171396034
  _data_pid07: 2.824806518434888
  _data_pid08: 3.330105261108867
  _data_pid09: 3.5101635610665287
  _data_pid10: 3.2410493992379155
  _data_pid11: 4.33583630591743
  _data_pid12: 3.3675768532622183
  _data_pid13: 2.8567628113102566
  _data_pid14: 3.1378808598027144
  _data_pid15: 2.4723140086979516
  _data_pid16: 2.993347575782645
  _data_pid17: 4.6312292466587826
  _data_pid18: 3.0309813826206433
  _data_pid19: 2.7268288489083763
  _data_pid20: 2.447332947262384
  _data_pid21: 2.484155680677149
  _data_pid22: 2.256892907487343
  _data_pid23: 2.3071794597277715
  _data_pid24: 3.6428551731074013
  _data_pid25: 2.944196526334743
  _data_pid26: 4.320101481506715
  _data_pid27: 3.0624510314420723
  _data_pid28: 2.934625859940597
  _data_pid29: 4.672593991243652
  _data_pid30: 3.5213563743071408
  _data_pid31: 3.055151370632978
  _data_pid32: 3.0535292237865126
  _data_pid33: 2.83973026942237
  _data_pid34: 3.042336410545901
  _data_pid35: 3.0025938128074983
  _data_pid36: 2.6067899822699347
  average: 3.125
  size: 32
  standard: 0.6212036815114782
  std/ave: 19.878517808367302
  total(for debug): 100.00000000000001
clock:
  idle_average: 332042.31836734695
  idle_size: 245
  running_average: 98921.29032258065
  running_size: 248
counters:
  contextswitch: 39965
  worksteal: 0
cpu_usage:
  _data_pid00: 22.365026024826943
  _data_pid01: 24.96877495657686
  _data_pid02: 23.887653987577124
  _data_pid03: 21.759301781644428
  _data_pid04: 21.972550959574818
  _data_pid05: 26.054551882700935
  _data_pid06: 21.258284634934004
  average: 23.16945611436519
  standard: 1.6817480471178752
  std/ave: 7.2584701117570996
runtime:
  _data_pid00: 11.057526193616203
  _data_pid01: 14.204166646389831
  _data_pid02: 18.652742158136608
  _data_pid03: 15.087750033659548
  _data_pid04: 13.344753247132449
  _data_pid05: 11.112679186396027
  _data_pid06: 16.540382534669334
  average: 14.285714285714283
  standard: 2.5684662039384922
  std/ave: 17.97926342756945
  total(for debug): 99.99999999999999
time_response:
  average: 5396516.705882353
  size: 34
  standard: 1691129.835666355
  std/ave: 31.33743353046562
time_turnaround:
  average: 1002056239.0588236
  size: 34
  standard: 181551914.93778926
  std/ave: 18.11793668470255
