_environment:
  LOGSIZE: 500
  NCPU: 4
  NPROC: 100
  date: 2023/11/14 01:38
  forknum: 32
  policy: default
  workload: yieldrepeat
balancing:
  _data_pid04: 2.5807125419391896
  _data_pid05: 3.428504288567736
  _data_pid06: 3.3394691836708055
  _data_pid07: 3.458269690204833
  _data_pid08: 3.4629694904633217
  _data_pid09: 3.278632880324808
  _data_pid10: 3.0506925677880914
  _data_pid11: 3.2097024765336366
  _data_pid12: 3.0512147678168122
  _data_pid13: 2.9449470619720883
  _data_pid14: 3.0634864684917558
  _data_pid15: 2.8757555581665555
  _data_pid16: 3.3817673859972066
  _data_pid17: 3.88438491364117
  _data_pid18: 2.8533009569315526
  _data_pid19: 3.122495071737229
  _data_pid20: 2.425096933380331
  _data_pid21: 2.6861969477408323
  _data_pid22: 3.0431206673716367
  _data_pid23: 2.69533544824345
  _data_pid24: 2.7908980534993932
  _data_pid25: 3.017271765949947
  _data_pid26: 2.7687045522787503
  _data_pid27: 2.680974947453622
  _data_pid28: 2.9914228645282575
  _data_pid29: 3.058786668233267
  _data_pid30: 3.0029112651601197
  _data_pid31: 3.507617592918968
  _data_pid32: 3.507356492904607
  _data_pid33: 3.4240655883236077
  _data_pid34: 4.643924855415867
  _data_pid35: 2.770010052350553
  average: 3.125
  size: 32
  standard: 0.4216604914040388
  std/ave: 13.493135724929239
  total(for debug): 99.99999999999999
clock:
  idle_average: 228786.13765182186
  idle_size: 247
  running_average: 49220.24096385542
  running_size: 249
cpu_usage:
  _data_pid00: 15.890664544400101
  _data_pid01: 17.728670528498892
  _data_pid02: 19.837535830898464
  _data_pid03: 17.74396717217556
  average: 17.822524428345535
  standard: 1.3970802912350246
  std/ave: 7.838846269235922
time_response:
  average: 4235916.606060606
  size: 33
  standard: 1507716.7631264438
  std/ave: 35.5936365925914
time_turnaround:
  average: 998953632.0
  size: 33
  standard: 43957568.75550332
  std/ave: 4.400361272774603
