_environment:
  LOGSIZE: 500
  NCPU: 7
  NPROC: 100
  date: 2023/11/28 23:33
  forknum: 32
  policy: default
  workload: yieldrepeat
balancing:
  _data_pid05: 3.395341692739282
  _data_pid06: 3.3976053616615327
  _data_pid07: 3.032992974541809
  _data_pid08: 2.9202946003411676
  _data_pid09: 2.3969020073892624
  _data_pid10: 6.601828721107903
  _data_pid11: 2.6417016322669835
  _data_pid12: 2.624562424712797
  _data_pid13: 2.535632574195791
  _data_pid14: 2.581067643278116
  _data_pid15: 2.8447850727203643
  _data_pid16: 3.470204457810871
  _data_pid17: 3.608611643342792
  _data_pid18: 2.6706442563443367
  _data_pid19: 2.9243368662737588
  _data_pid20: 2.67921386012143
  _data_pid21: 4.133621142667733
  _data_pid22: 2.9206179816157745
  _data_pid23: 3.1830418859595935
  _data_pid24: 2.7666884949027026
  _data_pid25: 3.0876444099504416
  _data_pid26: 3.0913632946084255
  _data_pid27: 3.6052161399594156
  _data_pid28: 2.898951436217086
  _data_pid29: 2.765556660441577
  _data_pid30: 2.799026622363432
  _data_pid31: 2.6884302264477378
  _data_pid32: 3.1180422497635276
  _data_pid33: 3.1337262415819813
  _data_pid34: 2.873566006160413
  _data_pid35: 3.3693095001333946
  _data_pid36: 3.239471918378566
  average: 3.125
  size: 32
  standard: 0.7258125560024596
  std/ave: 23.22600179207871
  total(for debug): 100.00000000000001
clock:
  idle_average: 586876.5901639344
  idle_size: 244
  running_average: 79481.44578313253
  running_size: 249
counters:
  contextswitch: 38183
  worksteal: 0
cpu_usage:
  _data_pid00: 12.998212234116801
  _data_pid01: 12.757376593857256
  _data_pid02: 10.846603325488324
  _data_pid03: 15.427110331245942
  _data_pid04: 12.06107836878123
  _data_pid05: 9.69081283924144
  _data_pid06: 11.085011609467264
  average: 12.142480885554027
  standard: 1.720216181103227
  std/ave: 14.166925172184353
runtime:
  _data_pid00: 15.658929769671687
  _data_pid01: 14.556361313898119
  _data_pid02: 11.468393522673068
  _data_pid03: 18.59409990864479
  _data_pid04: 14.784345112496261
  _data_pid05: 11.691526602152102
  _data_pid06: 13.246343770463973
  average: 14.285714285714286
  standard: 2.2840186090034136
  std/ave: 15.988130263023894
  total(for debug): 100.0
time_response:
  average: 6325771.294117647
  size: 34
  standard: 1902247.9504013376
  std/ave: 30.071399390778534
time_turnaround:
  average: 1396855603.764706
  size: 34
  standard: 252146985.34253946
  std/ave: 18.051041543805304
