_environment:
  LOGSIZE: 500
  NCPU: 7
  NPROC: 15000
  date: 2023/11/20 05:05
  forknum: 32
  policy: default
  workload: yieldrepeat
balancing:
  _data_pid05: 3.0331293668097596
  _data_pid06: 6.706334915944797
  _data_pid07: 3.0201711390131556
  _data_pid08: 3.1030435260844604
  _data_pid09: 3.3174569929980366
  _data_pid10: 3.8532646446808734
  _data_pid11: 3.675013673943867
  _data_pid12: 2.9873235383194383
  _data_pid13: 2.8911915693167245
  _data_pid14: 3.0552788957179082
  _data_pid15: 3.2669801754182415
  _data_pid16: 3.4489980728403076
  _data_pid17: 3.6971632028520154
  _data_pid18: 3.434683751437083
  _data_pid19: 3.0665796757730863
  _data_pid20: 3.0284583777202863
  _data_pid21: 3.3019372550555923
  _data_pid22: 2.2087751310513792
  _data_pid23: 2.616959306644407
  _data_pid24: 3.0536214479764823
  _data_pid25: 2.926902034291087
  _data_pid26: 2.7466922616778495
  _data_pid27: 2.755732885721992
  _data_pid28: 2.852919594196522
  _data_pid29: 3.1908882563800436
  _data_pid30: 3.0420193137864997
  _data_pid31: 2.9945560375547524
  _data_pid32: 4.177371016663376
  _data_pid33: 3.3727554767347074
  _data_pid34: 2.8086205363802246
  _data_pid35: 2.365177927015042
  average: 3.225806451612903
  size: 31
  standard: 0.7500893444852893
  std/ave: 23.25276967904397
  total(for debug): 100.0
clock:
  idle_average: 843338.3183673469
  idle_size: 245
  running_average: 85634.96774193548
  running_size: 248
cpu_usage:
  _data_pid00: 12.041868739495454
  _data_pid01: 9.154270778317686
  _data_pid02: 7.28028678346941
  _data_pid03: 10.712916573029995
  _data_pid04: 8.2687580914498
  _data_pid05: 10.13103726504566
  _data_pid06: 8.004014564825791
  average: 9.32059355549064
  standard: 1.5598064939895555
  std/ave: 16.73505538786952
runtime:
  _data_pid00: 3764608
  _data_pid01: 2934080
  _data_pid02: 2516992
  _data_pid03: 3630592
  _data_pid04: 2820480
  _data_pid05: 2908992
  _data_pid06: 2661728
  standard: 441878.38262414536
time_response:
  average: 8516861.176470589
  size: 34
  standard: 3556077.83055374
  std/ave: 41.753384925165456
time_turnaround:
  average: 1957725072.0
  size: 34
  standard: 355051241.5234255
  std/ave: 18.13590920407978
