_environment:
  LOGSIZE: 500
  NCPU: 8
  NPROC: 15000
  date: 2023/11/09 09:58
  forknum: 32
  policy: default
  workload: yieldrepeat
balancing:
  _data_pid04: 2.34078487339445
  _data_pid05: 2.0493708673243636
  _data_pid06: 3.138745723206551
  _data_pid07: 2.6692176817754065
  _data_pid08: 2.137617709196742
  _data_pid09: 3.033547510579026
  _data_pid10: 2.621728915174593
  _data_pid11: 2.9606316878454932
  _data_pid12: 2.6588723599174866
  _data_pid13: 3.1914694719523364
  _data_pid14: 3.1822459319826244
  _data_pid15: 3.5177833589889005
  _data_pid16: 2.7893729862457075
  _data_pid17: 3.1462242691279387
  _data_pid18: 3.3993730485669236
  _data_pid19: 2.5864551069120463
  _data_pid20: 10.006294442817168
  _data_pid21: 2.3491359163399994
  _data_pid22: 3.246810711770608
  _data_pid23: 2.811060769417733
  _data_pid24: 2.4918515010064874
  _data_pid25: 3.5242647654541033
  _data_pid26: 2.7929876167743783
  _data_pid27: 8.1659489339956
  _data_pid28: 2.480135112396313
  _data_pid29: 2.8054518599766918
  _data_pid30: 2.337419527729825
  _data_pid31: 2.5160321328189754
  _data_pid32: 2.346643067699537
  _data_pid33: 2.3488866314759536
  _data_pid34: 2.3898939916115642
  _data_pid35: 1.9637415165244705
  average: 3.125
  size: 32
  standard: 1.6091203149184587
  std/ave: 51.49185007739068
  total(for debug): 99.99999999999997
clock:
  idle_average: 1202189.4320987654
  idle_size: 243
  running_average: 104614.81124497992
  running_size: 249
cpu_usage:
  _data_pid00: 15.321921663099047
  _data_pid01: 6.475775367515238
  _data_pid02: 8.110333088320631
  _data_pid03: 7.567409914997926
  _data_pid04: 6.48945630755587
  _data_pid05: 6.4364157300333735
  _data_pid06: 7.037570856145759
  _data_pid07: 7.821994566537684
  average: 8.186874192912514
  standard: 2.775466711515291
  std/ave: 33.901421300916645
time_response:
  average: 9727753.696969697
  size: 33
  standard: 4080966.987480626
  std/ave: 41.951791899828756
time_turnaround:
  average: 2218097496.242424
  size: 33
  standard: 133381963.22171478
  std/ave: 6.013349884199003
