_environment:
  LOGSIZE: 500
  NCPU: 8
  NPROC: 5000
  date: 2023/11/17 07:06
  forknum: 32
  policy: default
  workload: yieldrepeat
balancing:
  _data_pid04: 3.172348680344238
  _data_pid05: 2.691748177447835
  _data_pid06: 2.5287954296158364
  _data_pid07: 2.6022893209522278
  _data_pid08: 2.691197661407862
  _data_pid09: 3.3595241339350475
  _data_pid10: 3.041463491840664
  _data_pid11: 3.2686889873395075
  _data_pid12: 2.657753811979504
  _data_pid13: 3.349477216205541
  _data_pid14: 3.249008038910474
  _data_pid15: 3.2762585828891355
  _data_pid16: 4.176077050224954
  _data_pid17: 3.3523674254153986
  _data_pid18: 3.477059308469276
  _data_pid19: 2.696702821807592
  _data_pid20: 3.399849433863068
  _data_pid21: 2.8292395584310843
  _data_pid22: 2.619905834231363
  _data_pid23: 3.109176964757339
  _data_pid24: 2.888695290748165
  _data_pid25: 2.6756455832786257
  _data_pid26: 7.765992146888689
  _data_pid27: 2.354281844944405
  _data_pid28: 3.4814634367890602
  _data_pid29: 2.730972445295909
  _data_pid30: 2.8485076198301384
  _data_pid31: 2.6287140908709303
  _data_pid32: 2.9904031291331714
  _data_pid33: 3.307500368157602
  _data_pid34: 2.6266496557210317
  _data_pid35: 2.152242458274325
  average: 3.125
  size: 32
  standard: 0.9273672592298013
  std/ave: 29.67575229535364
  total(for debug): 100.00000000000001
clock:
  idle_average: 874121.9672131147
  idle_size: 244
  running_average: 93753.67741935483
  running_size: 248
cpu_usage:
  _data_pid00: 11.874615899531882
  _data_pid01: 9.528008201452028
  _data_pid02: 11.420713913874884
  _data_pid03: 7.968095176604552
  _data_pid04: 9.189684620807288
  _data_pid05: 11.493451730307086
  _data_pid06: 9.657325705019215
  _data_pid07: 7.3910280234074515
  average: 9.829728220747098
  standard: 1.5582091748899694
  std/ave: 15.852006687236154
runtime:
  _data_pid00: 3326496
  _data_pid01: 2762912
  _data_pid02: 3524224
  _data_pid03: 2389248
  _data_pid04: 2515424
  _data_pid05: 3593504
  _data_pid06: 2988128
  _data_pid07: 2150976
  standard: 506031.2683303276
time_response:
  average: 7923039.03030303
  size: 33
  standard: 2845242.638867484
  std/ave: 35.91100116994706
time_turnaround:
  average: 1851904556.6060605
  size: 33
  standard: 104927091.83061212
  std/ave: 5.665901704076445
