_environment:
  LOGSIZE: 500
  NCPU: 8
  NPROC: 5000
  date: 2023/11/13 02:56
  forknum: 32
  policy: default
  workload: yieldrepeat
balancing:
  _data_pid04: 5.477737176884558
  _data_pid05: 3.814872816090843
  _data_pid06: 3.590440100793329
  _data_pid07: 2.689648061146234
  _data_pid08: 2.1231689319387246
  _data_pid09: 2.921814279914158
  _data_pid10: 2.5011439140549983
  _data_pid11: 2.489543658849384
  _data_pid12: 2.4126919681121874
  _data_pid13: 1.8446016923483428
  _data_pid14: 2.0453505532677276
  _data_pid15: 2.0564674645064414
  _data_pid16: 2.4576429570339435
  _data_pid17: 2.9242309997486613
  _data_pid18: 2.7885724597052244
  _data_pid19: 2.856079500415676
  _data_pid20: 2.4160753758804914
  _data_pid21: 2.937442401510611
  _data_pid22: 3.3159007275937844
  _data_pid23: 3.2324433359756135
  _data_pid24: 3.6552081923580095
  _data_pid25: 3.4420535029548427
  _data_pid26: 3.950209126823012
  _data_pid27: 4.2149205060289106
  _data_pid28: 3.4525259555710224
  _data_pid29: 3.4177251899541785
  _data_pid30: 3.793444566891583
  _data_pid31: 3.596562457707403
  _data_pid32: 4.122601808350894
  _data_pid33: 3.658591600126314
  _data_pid34: 3.0777732665674202
  _data_pid35: 2.722515450895475
  average: 3.125
  size: 32
  standard: 0.7608256195703184
  std/ave: 24.346419826250187
  total(for debug): 99.99999999999999
clock:
  idle_average: 890926.353909465
  idle_size: 243
  running_average: 81185.15662650602
  running_size: 249
cpu_usage:
  _data_pid00: 8.986666302444108
  _data_pid01: 9.646512709892992
  _data_pid02: 8.678489702517162
  _data_pid03: 9.18508606218902
  _data_pid04: 7.780840186708158
  _data_pid05: 6.70540488433445
  _data_pid06: 8.133028997959968
  _data_pid07: 8.926486711336725
  average: 8.54002206782734
  standard: 0.874376140039546
  std/ave: 10.238570030557254
time_response:
  average: 7596448.0
  size: 33
  standard: 2308973.434991141
  std/ave: 30.395435274369557
time_turnaround:
  average: 1770328466.4242425
  size: 33
  standard: 105660087.72406915
  std/ave: 5.968388902285702
