_environment:
  LOGSIZE: 500
  NCPU: 4
  NPROC: 100
  date: 2023/11/12 23:48
  forknum: 32
  policy: default
  workload: yieldrepeat
balancing:
  _data_pid04: 3.655418884299819
  _data_pid05: 3.953723106920605
  _data_pid06: 3.944450773180172
  _data_pid07: 3.4959347439643733
  _data_pid08: 3.485337791118164
  _data_pid09: 3.2241229034591106
  _data_pid10: 3.3523460328982404
  _data_pid11: 3.5550127560819886
  _data_pid12: 3.5134197161606178
  _data_pid13: 3.432088103065963
  _data_pid14: 3.1806753967896535
  _data_pid15: 3.5902476242956336
  _data_pid16: 3.443744751196794
  _data_pid17: 3.660717360722924
  _data_pid18: 3.1769664632934798
  _data_pid19: 2.9191955853094442
  _data_pid20: 3.1616008816664767
  _data_pid21: 2.6497680591945785
  _data_pid22: 2.4998211764207205
  _data_pid23: 2.770573321641362
  _data_pid24: 2.9019755369343545
  _data_pid25: 2.3962359623490266
  _data_pid26: 2.4428625548723466
  _data_pid27: 3.6289265021842967
  _data_pid28: 2.560223807644112
  _data_pid29: 3.186768644676223
  _data_pid30: 2.775077026601001
  _data_pid31: 2.8330953434339956
  _data_pid32: 2.4261723541395672
  _data_pid33: 2.4963771667457024
  _data_pid34: 2.957609539376952
  _data_pid35: 2.729510129362302
  average: 3.125
  size: 32
  standard: 0.4573702765106234
  std/ave: 14.63584884833995
  total(for debug): 100.0
clock:
  idle_average: 231407.54655870446
  idle_size: 247
  running_average: 49066.152610441764
  running_size: 249
cpu_usage:
  _data_pid00: 18.191066326209175
  _data_pid01: 15.416987784936902
  _data_pid02: 17.556629829160997
  _data_pid03: 19.286789168135847
  average: 17.61073592706182
  standard: 1.4107973118059751
  std/ave: 8.011007135925823
time_response:
  average: 4052864.9696969697
  size: 33
  standard: 925900.8828472093
  std/ave: 22.84558922564939
time_turnaround:
  average: 979804600.2424242
  size: 33
  standard: 39717214.081817426
  std/ave: 4.053585181370913
