_environment:
  LOGSIZE: 500
  NCPU: 7
  NPROC: 5000
  date: 2023/12/05 01:43
  forknum: 32
  policy: multiple
  workload: yieldrepeat
balancing:
  _data_pid04: 0.3441930899419831
  _data_pid05: 2.4196480040793253
  _data_pid06: 3.285103807767389
  _data_pid07: 3.6243938622401126
  _data_pid08: 2.744929385782738
  _data_pid09: 2.879482687731975
  _data_pid10: 3.045695590139856
  _data_pid11: 2.996735278811112
  _data_pid12: 2.8976239189682333
  _data_pid13: 2.8485235209117965
  _data_pid14: 3.499506544501701
  _data_pid15: 3.4838168310000723
  _data_pid16: 3.5086121818017535
  _data_pid17: 3.7611885518324395
  _data_pid18: 2.5722724939009742
  _data_pid19: 3.7267272168199335
  _data_pid20: 2.981255695401023
  _data_pid21: 2.8053067654184707
  _data_pid22: 2.9030873013482648
  _data_pid23: 3.5579227099497297
  _data_pid24: 2.354717805793567
  _data_pid25: 3.680148379861973
  _data_pid26: 3.6608864548041695
  _data_pid27: 2.9472846639354424
  _data_pid28: 3.091854166914737
  _data_pid29: 2.919827665307592
  _data_pid30: 3.6161987886700655
  _data_pid31: 3.707955595309056
  _data_pid32: 2.8103498876154225
  _data_pid33: 3.2641608419772683
  _data_pid34: 3.0677592497515214
  _data_pid35: 2.7427580415034947
  _data_pid36: 2.25007302020681
  average: 3.0303030303030303
  size: 33
  standard: 0.6346313295624926
  std/ave: 20.942833875562254
  total(for debug): 100.00000000000001
clock:
  idle_average: 257313.42510121458
  idle_size: 247
  running_average: 186593.18032786885
  running_size: 244
counters:
  contextswitch: 40582
  worksteal: 0
cpu_usage:
  _data_pid00: 39.38946746193665
  _data_pid01: 42.222503034847925
  _data_pid02: 42.86790995886498
  _data_pid03: 42.85106852720278
  _data_pid04: 40.657379549107695
  _data_pid05: 41.71570740196789
  _data_pid06: 42.44930241516594
  average: 41.73687726080264
  standard: 1.1916456431270013
  std/ave: 2.8551384802478745
runtime:
  _data_pid00: 13.442091999156677
  _data_pid01: 14.620361465783466
  _data_pid02: 14.6207116826027
  _data_pid03: 14.682349842787671
  _data_pid04: 13.819135426742696
  _data_pid05: 14.304465894835491
  _data_pid06: 14.510883688091297
  average: 14.285714285714283
  standard: 0.44109911953997
  std/ave: 3.0876938367797906
  total(for debug): 99.99999999999999
time_response:
  average: 5993264.94117647
  size: 34
  standard: 5623038.520251196
  std/ave: 93.82262548779298
time_turnaround:
  average: 818037764.7058823
  size: 34
  standard: 159092327.6450962
  std/ave: 19.448041949786553
