_environment:
  LOGSIZE: 500
  NCPU: 7
  NPROC: 100
  date: 2023/11/21 05:37
  forknum: 32
  policy: multiple
  workload: yieldrepeat
balancing:
  _data_pid05: 3.450842061277785
  _data_pid06: 3.4365882733336384
  _data_pid07: 2.7650098013547098
  _data_pid08: 3.98881002626448
  _data_pid09: 2.7374774846415435
  _data_pid10: 2.7359770859105805
  _data_pid11: 3.2653927781307885
  _data_pid12: 2.3314695880430225
  _data_pid13: 3.5054565750848288
  _data_pid14: 3.088795847496472
  _data_pid15: 3.0023728805930174
  _data_pid16: 3.7415443154018178
  _data_pid17: 2.46973133110124
  _data_pid18: 3.2500136911384203
  _data_pid19: 3.0825691927629766
  _data_pid20: 3.214079141531862
  _data_pid21: 4.692647070959107
  _data_pid22: 3.2881988388414216
  _data_pid23: 2.682262811342114
  _data_pid24: 3.4076305778260574
  _data_pid25: 3.0378573105802866
  _data_pid26: 2.4802341222179796
  _data_pid27: 3.033806234006687
  _data_pid28: 2.664107986697465
  _data_pid29: 4.647109969474387
  _data_pid30: 2.820074434781043
  _data_pid31: 3.9020119596782843
  _data_pid32: 2.353075329768886
  _data_pid33: 2.714521384057813
  _data_pid34: 2.8495572698444613
  _data_pid35: 3.0367320115320644
  _data_pid36: 2.324042614324757
  average: 3.125
  size: 32
  standard: 0.584516318490542
  std/ave: 18.704522191697343
  total(for debug): 100.00000000000001
clock:
  idle_average: 522679.11836734693
  idle_size: 245
  running_average: 174493.16129032258
  running_size: 248
cpu_usage:
  _data_pid00: 24.581527037398104
  _data_pid01: 23.634043159688254
  _data_pid02: 25.972091801556292
  _data_pid03: 27.944339558145284
  _data_pid04: 23.84429305542843
  _data_pid05: 25.652149155738474
  _data_pid06: 25.219550067038686
  average: 25.257765847528727
  standard: 1.3615441937210704
  std/ave: 5.390596309824793
runtime:
  _data_pid00: 14.224980288511672
  _data_pid01: 13.683936506126503
  _data_pid02: 14.835792611886609
  _data_pid03: 15.945337473433566
  _data_pid04: 13.680185509299097
  _data_pid05: 13.081301355835311
  _data_pid06: 14.548466254907241
  average: 14.285714285714286
  standard: 0.8708841653829389
  std/ave: 6.096189157680572
  total(for debug): 100.0
time_response:
  average: 7990001.882352941
  size: 34
  standard: 3773304.673510755
  std/ave: 47.22532896825265
time_turnaround:
  average: 1442576583.5294118
  size: 34
  standard: 305833587.8755776
  std/ave: 21.200509655253406
