_environment:
  LOGSIZE: 500
  NCPU: 4
  NPROC: 5000
  date: 2023/11/14 01:38
  forknum: 32
  policy: multiple
  workload: yieldrepeat
balancing:
  _data_pid04: 3.3496953502181603
  _data_pid05: 3.3958446286112616
  _data_pid06: 2.8375351767226915
  _data_pid07: 2.7721839258513414
  _data_pid08: 3.1321805695401856
  _data_pid09: 3.3017710995791703
  _data_pid10: 3.3532452947099376
  _data_pid11: 3.253362765600393
  _data_pid12: 2.7284550641571785
  _data_pid13: 3.3516316835773114
  _data_pid14: 3.2398084320863343
  _data_pid15: 2.7891268427439133
  _data_pid16: 3.4434461570237267
  _data_pid17: 3.304675599617897
  _data_pid18: 3.430214545736194
  _data_pid19: 2.8877184829473577
  _data_pid20: 3.516542741331681
  _data_pid21: 2.8854594273616816
  _data_pid22: 2.9408062892107503
  _data_pid23: 3.1707458756099447
  _data_pid24: 3.156868819869362
  _data_pid25: 2.811556037487414
  _data_pid26: 3.2520718766942918
  _data_pid27: 2.81381509307309
  _data_pid28: 3.1103968192497353
  _data_pid29: 3.40633310097333
  _data_pid30: 2.983889706451863
  _data_pid31: 2.738943536519247
  _data_pid32: 3.4037513231611283
  _data_pid33: 3.4397348514186867
  _data_pid34: 3.129437430614721
  _data_pid35: 2.6687514522500195
  average: 3.125
  size: 32
  standard: 0.25864981630164285
  std/ave: 8.276794121652571
  total(for debug): 99.99999999999999
clock:
  idle_average: 237997.991902834
  idle_size: 247
  running_average: 80492.72289156627
  running_size: 249
cpu_usage:
  _data_pid00: 25.391992594754726
  _data_pid01: 24.1740746296825
  _data_pid02: 25.966935844275323
  _data_pid03: 26.187249577935756
  average: 25.425786754058752
  standard: 0.7811199103694861
  std/ave: 3.0721563030681636
time_response:
  average: 7365072.484848484
  size: 33
  standard: 5854655.755978414
  std/ave: 79.49216749764082
time_turnaround:
  average: 1106723133.090909
  size: 33
  standard: 76314994.9439078
  std/ave: 6.895581438762526
