_environment:
  LOGSIZE: 500
  NCPU: 8
  NPROC: 15000
  date: 2023/11/13 02:56
  forknum: 32
  policy: multiple
  workload: yieldrepeat
balancing:
  _data_pid04: 2.939027231152144
  _data_pid05: 2.8034232047179413
  _data_pid06: 2.7693382866811342
  _data_pid07: 3.4055492208285827
  _data_pid08: 2.4877085862115473
  _data_pid09: 3.3886293694290166
  _data_pid10: 3.5123404568359877
  _data_pid11: 3.023749095768811
  _data_pid12: 2.8113926999423744
  _data_pid13: 3.615085641421758
  _data_pid14: 2.3628940302350387
  _data_pid15: 3.4482166721840097
  _data_pid16: 3.692205833670504
  _data_pid17: 2.6649992030504777
  _data_pid18: 2.7292455953212933
  _data_pid19: 2.762349652407401
  _data_pid20: 3.1271073184487683
  _data_pid21: 3.343141942840328
  _data_pid22: 3.0507227719130467
  _data_pid23: 3.052807101433283
  _data_pid24: 2.679589509692132
  _data_pid25: 2.8189943723102955
  _data_pid26: 3.1494219050771814
  _data_pid27: 3.188533735486323
  _data_pid28: 2.772158261914395
  _data_pid29: 3.181299885974914
  _data_pid30: 2.6307916773948334
  _data_pid31: 3.2733782077218274
  _data_pid32: 2.8030553818614288
  _data_pid33: 3.360674832334081
  _data_pid34: 3.366559998038278
  _data_pid35: 5.785608317700862
  average: 3.125
  size: 32
  standard: 0.582818575287387
  std/ave: 18.650194409196384
  total(for debug): 100.0
clock:
  idle_average: 730211.5555555555
  idle_size: 243
  running_average: 105984.12851405622
  running_size: 249
cpu_usage:
  _data_pid00: 14.917387220607223
  _data_pid01: 11.799725271263123
  _data_pid02: 13.699946675926041
  _data_pid03: 10.530689627129671
  _data_pid04: 13.000740158907586
  _data_pid05: 14.540219740085826
  _data_pid06: 12.086550812048474
  _data_pid07: 12.870771629802126
  average: 12.946994795543235
  standard: 1.364348240868575
  std/ave: 10.537953111236492
time_response:
  average: 8387920.484848484
  size: 33
  standard: 5989663.1664793575
  std/ave: 71.4082015595973
time_turnaround:
  average: 1525658205.090909
  size: 33
  standard: 102967519.85002026
  std/ave: 6.749055555591153
