_environment:
  LOGSIZE: 500
  NCPU: 7
  NPROC: 15000
  date: 2023/11/20 05:38
  forknum: 32
  policy: multiple
  workload: yieldrepeat
balancing:
  _data_pid05: 2.9990725307224197
  _data_pid06: 3.551835470450041
  _data_pid07: 3.5069932058500566
  _data_pid08: 2.6272098486737625
  _data_pid09: 2.5375253194737923
  _data_pid10: 3.4609478561022664
  _data_pid11: 3.3870128052008277
  _data_pid12: 2.917700226180008
  _data_pid13: 3.268672975207696
  _data_pid14: 2.909606744276596
  _data_pid15: 3.450229461149099
  _data_pid16: 3.992820862808919
  _data_pid17: 3.039321197485333
  _data_pid18: 2.638912586020588
  _data_pid19: 3.0101190398068063
  _data_pid20: 2.8183910157976015
  _data_pid21: 2.930934162805857
  _data_pid22: 2.9558708367785314
  _data_pid23: 4.1446283341864305
  _data_pid24: 4.318966309241006
  _data_pid25: 2.7293627148600703
  _data_pid26: 2.702785470231299
  _data_pid27: 3.32532734853158
  _data_pid28: 3.123537157831647
  _data_pid29: 2.889263668140993
  _data_pid30: 4.293482778382966
  _data_pid31: 3.7427978948197342
  _data_pid32: 3.2445019008745337
  _data_pid33: 2.3296103316577637
  _data_pid34: 2.89265418083026
  _data_pid35: 2.2468161992134013
  _data_pid36: 2.0130895664081128
  average: 3.125
  size: 32
  standard: 0.5549654764569781
  std/ave: 17.7588952466233
  total(for debug): 100.00000000000003
clock:
  idle_average: 574350.353909465
  idle_size: 243
  running_average: 121665.5421686747
  running_size: 249
cpu_usage:
  _data_pid00: 18.0349139399321
  _data_pid01: 19.082552657359784
  _data_pid02: 19.48174436997933
  _data_pid03: 17.822361775719052
  _data_pid04: 15.95248404622728
  _data_pid05: 17.38600530327009
  _data_pid06: 17.030092130830212
  average: 17.83491639229469
  standard: 1.1149381834664809
  std/ave: 6.251434876073618
runtime:
  _data_pid00: 4523520
  _data_pid01: 4787040
  _data_pid02: 4626880
  _data_pid03: 4471776
  _data_pid04: 3961280
  _data_pid05: 4236160
  _data_pid06: 3688064
  standard: 360828.92238662613
time_response:
  average: 7537764.705882353
  size: 34
  standard: 3439968.429636866
  std/ave: 45.63645276632698
time_turnaround:
  average: 1514951944.4705882
  size: 34
  standard: 328731912.12803656
  std/ave: 21.69916434167253
