_environment:
  LOGSIZE: 500
  NCPU: 7
  NPROC: 100
  date: 2023/11/28 07:33
  forknum: 32
  policy: multiple
  workload: yieldrepeat
balancing:
  _data_pid05: 2.960799495651568
  _data_pid06: 2.549162172519079
  _data_pid07: 3.1997132136367368
  _data_pid08: 3.5684224839609784
  _data_pid09: 3.1254319494842453
  _data_pid10: 2.9688906469662117
  _data_pid11: 2.894946514118497
  _data_pid12: 2.411050714662178
  _data_pid13: 3.235561509044671
  _data_pid14: 2.5063464968124234
  _data_pid15: 3.383225020536915
  _data_pid16: 3.4319966826279606
  _data_pid17: 3.7989079193267266
  _data_pid18: 3.14296277733264
  _data_pid19: 3.014290996009489
  _data_pid20: 2.7173906936027086
  _data_pid21: 2.5863589931461206
  _data_pid22: 3.166786722870201
  _data_pid23: 4.127273810179342
  _data_pid24: 4.594762552803191
  _data_pid25: 3.2562388957376487
  _data_pid26: 3.0948653778511477
  _data_pid27: 2.7127832324374257
  _data_pid28: 3.116891289763233
  _data_pid29: 2.6277137665320764
  _data_pid30: 3.499085812278547
  _data_pid31: 4.326855542607216
  _data_pid32: 3.156785160828489
  _data_pid33: 2.9364136646060452
  _data_pid34: 2.9178714428433206
  _data_pid35: 2.7426755414609696
  _data_pid36: 2.2275389077619985
  average: 3.125
  size: 32
  standard: 0.5257157632637228
  std/ave: 16.82290442443913
  total(for debug): 100.00000000000001
clock:
  idle_average: 527909.2459016393
  idle_size: 244
  running_average: 114359.64658634538
  running_size: 249
counters:
  contextswitch: 38781
  worksteal: 943
cpu_usage:
  _data_pid00: 19.623697447254123
  _data_pid01: 17.290560272922438
  _data_pid02: 18.456261634118263
  _data_pid03: 18.630990401850408
  _data_pid04: 18.133488332529986
  _data_pid05: 18.560114533751236
  _data_pid06: 16.074633902502754
  average: 18.10438257565508
  standard: 1.0488209388750527
  std/ave: 5.793188110625764
runtime:
  _data_pid00: 15.41499177961502
  _data_pid01: 13.965551923277905
  _data_pid02: 14.01679588160398
  _data_pid03: 14.881200547051732
  _data_pid04: 14.374155064667404
  _data_pid05: 14.62677878904683
  _data_pid06: 12.720526014737132
  average: 14.285714285714286
  standard: 0.7908994592489718
  std/ave: 5.536296214742802
  total(for debug): 100.0
time_response:
  average: 7747082.352941177
  size: 34
  standard: 4300992.3395346925
  std/ave: 55.51757608336024
time_turnaround:
  average: 1396354684.235294
  size: 34
  standard: 295526128.9174218
  std/ave: 21.164116270305996
