_environment:
  LOGSIZE: 500
  NCPU: 8
  NPROC: 15000
  date: 2023/11/17 08:41
  forknum: 32
  policy: multiple
  workload: yieldrepeat
balancing:
  _data_pid04: 2.3060047745801158
  _data_pid05: 2.4562543774564407
  _data_pid06: 2.760061224439169
  _data_pid07: 2.6544647781689066
  _data_pid08: 2.3169199906393754
  _data_pid09: 3.1004175070142668
  _data_pid10: 18.456472681777626
  _data_pid11: 1.9083436076939044
  _data_pid12: 2.6742279345186266
  _data_pid13: 3.1565647168948523
  _data_pid14: 2.632055508835123
  _data_pid15: 3.114144218119093
  _data_pid16: 2.6490071701392766
  _data_pid17: 2.895674514872395
  _data_pid18: 2.7101158418649804
  _data_pid19: 2.7780878691430977
  _data_pid20: 2.124911417233307
  _data_pid21: 2.8344831521159395
  _data_pid22: 3.022439865015161
  _data_pid23: 2.767007271022334
  _data_pid24: 2.295999159859128
  _data_pid25: 2.9900249809603903
  _data_pid26: 2.797437570339058
  _data_pid27: 2.0848062673186027
  _data_pid28: 2.5400203916081834
  _data_pid29: 3.2198233554201074
  _data_pid30: 2.4509621514883144
  _data_pid31: 2.50289211880055
  _data_pid32: 2.742199961796744
  _data_pid33: 2.820342985857353
  _data_pid34: 1.9597774288216279
  _data_pid35: 2.2780552061859507
  average: 3.125
  size: 32
  standard: 2.774348835939597
  std/ave: 88.7791627500671
  total(for debug): 99.99999999999997
clock:
  idle_average: 737543.2427983539
  idle_size: 243
  running_average: 133268.1767068273
  running_size: 249
cpu_usage:
  _data_pid00: 16.61072946866803
  _data_pid01: 15.965546403180184
  _data_pid02: 13.471781450161581
  _data_pid03: 15.7696410750542
  _data_pid04: 17.133978192262898
  _data_pid05: 14.854107230217046
  _data_pid06: 16.675142706984296
  _data_pid07: 14.502535923603816
  average: 15.622747717888332
  standard: 1.1714781178538776
  std/ave: 7.498540839346164
runtime:
  _data_pid00: 4466176
  _data_pid01: 4277152
  _data_pid02: 3564448
  _data_pid03: 4105920
  _data_pid04: 4543136
  _data_pid05: 3925344
  _data_pid06: 4396320
  _data_pid07: 3905280
  standard: 313549.00664489437
time_response:
  average: 8793808.484848484
  size: 33
  standard: 4403728.7890948495
  std/ave: 50.07760626902855
time_turnaround:
  average: 1752798320.4848485
  size: 33
  standard: 161934780.89497614
  std/ave: 9.238643088737255
