_environment:
  LOGSIZE: 500
  NCPU: 7
  NPROC: 15000
  date: 2023/12/05 01:42
  forknum: 32
  policy: multiple
  workload: yieldrepeat
balancing:
  _data_pid04: 0.8479084310791866
  _data_pid05: 2.8655576549735837
  _data_pid06: 3.6201872814418197
  _data_pid07: 2.674220019161078
  _data_pid08: 3.227610526164841
  _data_pid09: 2.898198407978001
  _data_pid10: 2.5159328529178993
  _data_pid11: 2.850876144731011
  _data_pid12: 3.0838000118817805
  _data_pid13: 2.8481447009649505
  _data_pid14: 3.346018613423544
  _data_pid15: 3.322733055317882
  _data_pid16: 3.940858779577268
  _data_pid17: 2.7905795235952358
  _data_pid18: 3.3369365629013945
  _data_pid19: 3.7164023881012844
  _data_pid20: 2.784228916839146
  _data_pid21: 2.964094488834199
  _data_pid22: 2.5593628087982534
  _data_pid23: 3.2075344144842997
  _data_pid24: 3.3275813680026385
  _data_pid25: 2.8354434874527716
  _data_pid26: 3.5049203545140863
  _data_pid27: 2.5041193586296893
  _data_pid28: 2.7743957192813298
  _data_pid29: 2.5101968210091727
  _data_pid30: 3.91183718956288
  _data_pid31: 3.76440751228979
  _data_pid32: 2.4418424407635206
  _data_pid33: 3.375723064379447
  _data_pid34: 2.9197085276357235
  _data_pid35: 3.424957338262679
  _data_pid36: 3.303681235049613
  average: 3.03030303030303
  size: 33
  standard: 0.5666864591260167
  std/ave: 18.70065315115855
  total(for debug): 100.0
clock:
  idle_average: 272027.1673469388
  idle_size: 245
  running_average: 188879.34959349592
  running_size: 246
counters:
  contextswitch: 40347
  worksteal: 0
cpu_usage:
  _data_pid00: 39.121429679233096
  _data_pid01: 41.13863918731273
  _data_pid02: 42.148781501924255
  _data_pid03: 41.131837805941714
  _data_pid04: 41.75321402808384
  _data_pid05: 39.777587344739615
  _data_pid06: 42.4875827407473
  average: 41.0785245103004
  standard: 1.1411281910415842
  std/ave: 2.7779191308476707
runtime:
  _data_pid00: 13.60764312594619
  _data_pid01: 14.685675694315933
  _data_pid02: 14.605849250252827
  _data_pid03: 14.136996927808623
  _data_pid04: 14.426461680916836
  _data_pid05: 13.788123272788605
  _data_pid06: 14.74925004797098
  average: 14.285714285714283
  standard: 0.4186073718608953
  std/ave: 2.9302516030262677
  total(for debug): 99.99999999999999
time_response:
  average: 5760123.294117647
  size: 34
  standard: 5311685.453667377
  std/ave: 92.21478746977128
time_turnaround:
  average: 849868720.9411764
  size: 34
  standard: 166897440.27380452
  std/ave: 19.638025986999033
