_environment:
  LOGSIZE: 500
  NCPU: 8
  NPROC: 15000
  date: 2023/11/09 09:58
  forknum: 32
  policy: multiple
  workload: yieldrepeat
balancing:
  _data_pid04: 3.0423578759621193
  _data_pid05: 3.328952109857234
  _data_pid06: 3.2979724527333385
  _data_pid07: 2.542535458097097
  _data_pid08: 3.209959117222356
  _data_pid09: 3.0590791134892426
  _data_pid10: 2.2717551077547653
  _data_pid11: 2.9846760875933604
  _data_pid12: 2.3890630144372977
  _data_pid13: 2.908587975745132
  _data_pid14: 2.97832460977298
  _data_pid15: 3.254937949950355
  _data_pid16: 3.2400314203719116
  _data_pid17: 3.476202697692988
  _data_pid18: 3.877253154351281
  _data_pid19: 2.722580411005426
  _data_pid20: 2.4729284460655836
  _data_pid21: 2.435986177110311
  _data_pid22: 3.3542283991424204
  _data_pid23: 3.867661126622543
  _data_pid24: 3.0782631689467177
  _data_pid25: 3.834477895560965
  _data_pid26: 4.328596945587279
  _data_pid27: 3.285658363081582
  _data_pid28: 2.1330595716770753
  _data_pid29: 2.8493507234203617
  _data_pid30: 3.597399264265549
  _data_pid31: 3.409836235569831
  _data_pid32: 2.8699606208375137
  _data_pid33: 4.176031855901819
  _data_pid34: 3.848088205176065
  _data_pid35: 1.8742044449974984
  average: 3.125
  size: 32
  standard: 0.5802326421530526
  std/ave: 18.567444548897683
  total(for debug): 99.99999999999999
clock:
  idle_average: 731866.4691358025
  idle_size: 243
  running_average: 99145.2530120482
  running_size: 249
cpu_usage:
  _data_pid00: 11.861919569546837
  _data_pid01: 10.843590150991687
  _data_pid02: 10.084986684919734
  _data_pid03: 13.01130321050702
  _data_pid04: 13.129336703418094
  _data_pid05: 12.455147758640235
  _data_pid06: 13.99367380047503
  _data_pid07: 12.20058293249274
  average: 12.189344905306218
  standard: 1.1849138669650372
  std/ave: 9.720898671504694
time_response:
  average: 8139629.575757576
  size: 33
  standard: 3919330.0576417395
  std/ave: 48.15120910802575
time_turnaround:
  average: 1481506827.6363637
  size: 33
  standard: 164753128.99036986
  std/ave: 11.120645947560126
