_environment:
  LOGSIZE: 500
  NCPU: 7
  NPROC: 5000
  date: 2023/11/28 23:33
  forknum: 32
  policy: multiple
  workload: yieldrepeat
balancing:
  _data_pid05: 3.31755847140762
  _data_pid06: 2.5644474491800495
  _data_pid07: 2.949085069807009
  _data_pid08: 2.841952873632383
  _data_pid09: 2.907789619739697
  _data_pid10: 3.158865956148951
  _data_pid11: 2.9387022137900844
  _data_pid12: 2.735764573459296
  _data_pid13: 2.259333066682713
  _data_pid14: 3.165709202160106
  _data_pid15: 3.372894374497818
  _data_pid16: 3.897700551353252
  _data_pid17: 3.6762389519922696
  _data_pid18: 2.840065081629306
  _data_pid19: 2.9030701397320042
  _data_pid20: 3.310243277395696
  _data_pid21: 3.07993265302029
  _data_pid22: 3.670457588982846
  _data_pid23: 3.9240116523961386
  _data_pid24: 3.747739074108815
  _data_pid25: 2.765615284507953
  _data_pid26: 2.7250277564417953
  _data_pid27: 3.3220419774149286
  _data_pid28: 2.810214370580649
  _data_pid29: 3.2599808153137686
  _data_pid30: 3.164647319158375
  _data_pid31: 3.802131081197474
  _data_pid32: 2.9733903918466265
  _data_pid33: 2.5073417410869667
  _data_pid34: 3.185295044192031
  _data_pid35: 3.140106023118373
  _data_pid36: 3.0826463540247135
  average: 3.125
  size: 32
  standard: 0.40374592631746054
  std/ave: 12.919869642158737
  total(for debug): 100.0
clock:
  idle_average: 532953.6
  idle_size: 245
  running_average: 109361.41935483871
  running_size: 248
counters:
  contextswitch: 38755
  worksteal: 901
cpu_usage:
  _data_pid00: 17.59336004052125
  _data_pid01: 16.76254075835457
  _data_pid02: 16.453797966193772
  _data_pid03: 19.763908971975486
  _data_pid04: 15.94749063838879
  _data_pid05: 16.6443821983769
  _data_pid06: 17.274898525774525
  average: 17.198761276686152
  standard: 1.1563341590124034
  std/ave: 6.723357225615293
runtime:
  _data_pid00: 14.425562591513666
  _data_pid01: 13.890019597640732
  _data_pid02: 13.722360070367449
  _data_pid03: 16.255658951496724
  _data_pid04: 13.385979132819145
  _data_pid05: 13.923763879695736
  _data_pid06: 14.396655776466549
  average: 14.285714285714286
  standard: 0.8723548793877152
  std/ave: 6.106484155714006
  total(for debug): 100.0
time_response:
  average: 7693866.352941177
  size: 34
  standard: 4666374.584627405
  std/ave: 60.65058022282339
time_turnaround:
  average: 1430277084.235294
  size: 34
  standard: 275270536.91300285
  std/ave: 19.245958698987184
