_environment:
  LOGSIZE: 500
  NCPU: 7
  NPROC: 5000
  date: 2023/11/20 05:05
  forknum: 32
  policy: multiple
  workload: yieldrepeat
balancing:
  _data_pid05: 3.3394972368101272
  _data_pid06: 3.108298022971988
  _data_pid07: 2.641038917125437
  _data_pid08: 3.5174403246087684
  _data_pid09: 3.10100700571658
  _data_pid10: 2.743007491784397
  _data_pid11: 3.1953675623698974
  _data_pid12: 3.1079810222217525
  _data_pid13: 3.224108963724547
  _data_pid14: 3.547027061297378
  _data_pid15: 3.5354037004554244
  _data_pid16: 4.405676426767544
  _data_pid17: 2.7030653972547736
  _data_pid18: 3.4727432188256175
  _data_pid19: 3.5435400530447922
  _data_pid20: 3.1054450162198717
  _data_pid21: 2.886080497057176
  _data_pid22: 2.9505373162716486
  _data_pid23: 4.01682217314581
  _data_pid24: 3.8844215264642794
  _data_pid25: 2.699472722085442
  _data_pid26: 3.006752115980008
  _data_pid27: 2.950959983938629
  _data_pid28: 3.0258778279108594
  _data_pid29: 3.8611748047803713
  _data_pid30: 3.2942717964432515
  _data_pid31: 3.5140589832729265
  _data_pid32: 3.127846402569819
  _data_pid33: 3.1299597409047206
  _data_pid34: 2.608493506767966
  _data_pid35: 2.7526231812081954
  average: 3.2258064516129035
  size: 31
  standard: 0.423672268710222
  std/ave: 13.133840330016882
  total(for debug): 100.00000000000003
clock:
  idle_average: 583344.5877551021
  idle_size: 245
  running_average: 122858.06451612903
  running_size: 248
cpu_usage:
  _data_pid00: 18.428782714937945
  _data_pid01: 18.439380072154208
  _data_pid02: 17.473834148758282
  _data_pid03: 18.025226481178315
  _data_pid04: 16.017986995282897
  _data_pid05: 17.670297532369222
  _data_pid06: 17.001549454569517
  average: 17.5725890127348
  standard: 0.7974466540012032
  std/ave: 4.538014594339492
runtime:
  _data_pid00: 4585376
  _data_pid01: 4654784
  _data_pid02: 4333824
  _data_pid03: 4700160
  _data_pid04: 4117248
  _data_pid05: 3719968
  _data_pid06: 4357440
  standard: 321222.5559833708
time_response:
  average: 7907790.117647059
  size: 34
  standard: 3259053.605414162
  std/ave: 41.213203144342984
time_turnaround:
  average: 1502887473.8823528
  size: 34
  standard: 318614212.69438535
  std/ave: 21.200137617177766
