_environment:
  LOGSIZE: 500
  NCPU: 8
  NPROC: 100
  date: 2023/11/09 10:03
  forknum: 32
  policy: multiple
  workload: yieldrepeat
balancing:
  _data_pid04: 3.594631714857434
  _data_pid05: 3.2857341268820632
  _data_pid06: 3.503197000015432
  _data_pid07: 2.9779939403603892
  _data_pid08: 2.953945710155812
  _data_pid09: 2.3191753128841928
  _data_pid10: 3.2033014233465877
  _data_pid11: 3.218219042083117
  _data_pid12: 3.0918050833071846
  _data_pid13: 2.7278666262004823
  _data_pid14: 3.395687264983205
  _data_pid15: 2.8003971172987794
  _data_pid16: 2.7030467950267747
  _data_pid17: 2.7134634081100404
  _data_pid18: 3.1954568134937578
  _data_pid19: 3.1336001358017707
  _data_pid20: 2.7789208903246383
  _data_pid21: 3.1121239088276296
  _data_pid22: 3.498953194685212
  _data_pid23: 3.0296912052921536
  _data_pid24: 3.300780345780115
  _data_pid25: 2.681827768375677
  _data_pid26: 3.179638993626576
  _data_pid27: 3.3666236284792777
  _data_pid28: 2.6823421690217644
  _data_pid29: 2.967577327277123
  _data_pid30: 3.9711729877932727
  _data_pid31: 2.9405712933575443
  _data_pid32: 2.821358943626833
  _data_pid33: 3.2659297020077056
  _data_pid34: 3.2254206511283376
  _data_pid35: 4.359545475589117
  average: 3.125
  size: 32
  standard: 0.39405317678742563
  std/ave: 12.60970165719762
  total(for debug): 100.0
clock:
  idle_average: 737457.646090535
  idle_size: 243
  running_average: 99579.75903614458
  running_size: 249
cpu_usage:
  _data_pid00: 16.01285760517407
  _data_pid01: 12.17598244775908
  _data_pid02: 11.554712632640323
  _data_pid03: 10.840927957669406
  _data_pid04: 11.972184395178731
  _data_pid05: 10.494495264810654
  _data_pid06: 11.340027309006691
  _data_pid07: 12.683068153538915
  average: 12.15473313877938
  standard: 1.6087371565866944
  std/ave: 13.235479037002118
time_response:
  average: 8618875.151515152
  size: 33
  standard: 5291159.660382625
  std/ave: 61.39037365511052
time_turnaround:
  average: 1496610645.3333333
  size: 33
  standard: 150975065.79974774
  std/ave: 10.087798471199685
