_environment:
  LOGSIZE: 500
  NCPU: 8
  NPROC: 15000
  date: 2023/11/16 00:11
  forknum: 32
  policy: multiple
  workload: yieldrepeat
balancing:
  _data_pid04: 2.975566138204031
  _data_pid05: 3.061466433580485
  _data_pid06: 2.6267406112484175
  _data_pid07: 3.413406474169631
  _data_pid08: 3.013141238169872
  _data_pid09: 3.4381216468744347
  _data_pid10: 3.184339019832419
  _data_pid11: 3.3397632969638518
  _data_pid12: 3.1356119516948984
  _data_pid13: 3.004300038177909
  _data_pid14: 3.411798983262001
  _data_pid15: 3.3932123696425345
  _data_pid16: 2.7569473747664115
  _data_pid17: 3.1773062471115394
  _data_pid18: 3.1269716880663894
  _data_pid19: 2.9942532200052243
  _data_pid20: 2.35708401149356
  _data_pid21: 3.6921052102799043
  _data_pid22: 3.65975445576386
  _data_pid23: 3.506339542266964
  _data_pid24: 2.774227902023429
  _data_pid25: 3.020977756344566
  _data_pid26: 3.2638093515783555
  _data_pid27: 3.0279100608837184
  _data_pid28: 2.5726887294793737
  _data_pid29: 3.2090541925372236
  _data_pid30: 3.5657162376675307
  _data_pid31: 3.052826169951976
  _data_pid32: 3.1639439789418686
  _data_pid33: 3.3595555287640404
  _data_pid34: 2.7800550565635866
  _data_pid35: 2.941005083689995
  average: 3.125
  size: 32
  standard: 0.30965444385755286
  std/ave: 9.908942203441692
  total(for debug): 99.99999999999999
clock:
  idle_average: 698853.1147540984
  idle_size: 244
  running_average: 128430.96774193548
  running_size: 248
cpu_usage:
  _data_pid00: 15.738631982109348
  _data_pid01: 13.76380771563704
  _data_pid02: 16.155616095887822
  _data_pid03: 17.361745369825325
  _data_pid04: 15.40203220204131
  _data_pid05: 15.958166748658375
  _data_pid06: 16.177403829906012
  _data_pid07: 15.26213408465691
  average: 15.738852752844478
  standard: 0.9545554938089393
  std/ave: 6.064962350171443
time_response:
  average: 8727571.393939395
  size: 33
  standard: 4893398.666650247
  std/ave: 56.06827427442557
time_turnaround:
  average: 1757379158.3030303
  size: 33
  standard: 100663017.63109484
  std/ave: 5.728019315325077
