_environment:
  LOGSIZE: 500
  NCPU: 4
  NPROC: 5000
  date: 2023/11/12 23:48
  forknum: 32
  policy: multiple
  workload: yieldrepeat
balancing:
  _data_pid04: 3.109715447422789
  _data_pid05: 2.4334822872456288
  _data_pid06: 2.933974033174698
  _data_pid07: 2.8763836542333054
  _data_pid08: 3.677368466214744
  _data_pid09: 2.927703447501997
  _data_pid10: 2.7527871103161035
  _data_pid11: 2.9346340948244567
  _data_pid12: 3.203279186275998
  _data_pid13: 3.5912304209213137
  _data_pid14: 3.1211015108811164
  _data_pid15: 3.2631797809915444
  _data_pid16: 2.6914013768886016
  _data_pid17: 3.6107022395891772
  _data_pid18: 3.3504729341720516
  _data_pid19: 2.9420597883842348
  _data_pid20: 2.9946997049524424
  _data_pid21: 3.6004712840179276
  _data_pid22: 3.2069095253496673
  _data_pid23: 2.962026653289417
  _data_pid24: 2.922092923479053
  _data_pid25: 3.2496485171715035
  _data_pid26: 3.055425376730186
  _data_pid27: 3.4625183992184874
  _data_pid28: 3.122916680417951
  _data_pid29: 3.3156546821473127
  _data_pid30: 3.345357456386427
  _data_pid31: 3.432155563329615
  _data_pid32: 3.1293522815030923
  _data_pid33: 3.0339733731130485
  _data_pid34: 2.7697836977973744
  _data_pid35: 2.977538102058732
  average: 3.125
  size: 32
  standard: 0.28688243793503276
  std/ave: 9.180238013921048
  total(for debug): 99.99999999999999
clock:
  idle_average: 234419.82186234818
  idle_size: 247
  running_average: 78708.6907630522
  running_size: 249
cpu_usage:
  _data_pid00: 24.838599730641068
  _data_pid01: 25.92559242417421
  _data_pid02: 25.316246585649093
  _data_pid03: 25.0780431896701
  average: 25.288288437081935
  standard: 0.4041537537852196
  std/ave: 1.5981854793801764
time_response:
  average: 8505858.909090908
  size: 33
  standard: 7935846.447231427
  std/ave: 93.29859020762427
time_turnaround:
  average: 1080403602.4242425
  size: 33
  standard: 74534065.29641305
  std/ave: 6.898724247972818
