_environment:
  LOGSIZE: 500
  NCPU: 8
  NPROC: 100
  date: 2023/11/13 02:57
  forknum: 32
  policy: multiple
  workload: yieldrepeat
balancing:
  _data_pid04: 3.0166348618901675
  _data_pid05: 3.4043318748112594
  _data_pid06: 2.504802842511742
  _data_pid07: 3.1227792877015106
  _data_pid08: 3.139998843462673
  _data_pid09: 2.869626117182932
  _data_pid10: 3.559950397399076
  _data_pid11: 2.7767176185611393
  _data_pid12: 4.263767613099713
  _data_pid13: 3.0163778535952246
  _data_pid14: 2.877336366031214
  _data_pid15: 3.3263298572961437
  _data_pid16: 2.571239486754435
  _data_pid17: 3.2036083964609956
  _data_pid18: 2.774790056349069
  _data_pid19: 2.8264487236325553
  _data_pid20: 3.4589461374865875
  _data_pid21: 3.9299138379691207
  _data_pid22: 3.608910477585664
  _data_pid23: 2.464324036058264
  _data_pid24: 2.7539723844587085
  _data_pid25: 3.2169728277980174
  _data_pid26: 3.2505124102880423
  _data_pid27: 2.718762248051556
  _data_pid28: 2.8895442600409926
  _data_pid29: 3.585137210303463
  _data_pid30: 2.92141328861389
  _data_pid31: 2.9257824296279162
  _data_pid32: 3.1865173448473048
  _data_pid33: 2.8932708803176626
  _data_pid34: 3.1401273476101443
  _data_pid35: 3.801152682202818
  average: 3.125
  size: 32
  standard: 0.41100408853626813
  std/ave: 13.15213083316058
  total(for debug): 99.99999999999999
clock:
  idle_average: 743639.0452674897
  idle_size: 243
  running_average: 100007.7108433735
  running_size: 249
cpu_usage:
  _data_pid00: 14.444574200056651
  _data_pid01: 12.033285708576452
  _data_pid02: 11.345826066398228
  _data_pid03: 12.71228540119323
  _data_pid04: 11.756364925420616
  _data_pid05: 10.402522575737457
  _data_pid06: 12.346361878655864
  _data_pid07: 11.820885487680515
  average: 12.111463093565735
  standard: 1.0944685827058813
  std/ave: 9.0366339248255
time_response:
  average: 8994792.727272727
  size: 33
  standard: 6465536.5697020935
  std/ave: 71.88088448217619
time_turnaround:
  average: 1488723987.3939395
  size: 33
  standard: 135666109.0095143
  std/ave: 9.112912142095748
