_environment:
  LOGSIZE: 500
  NCPU: 4
  NPROC: 15000
  date: 2023/11/13 00:07
  forknum: 32
  policy: multiple
  workload: yieldrepeat
balancing:
  _data_pid04: 3.539385917439866
  _data_pid05: 2.993473172194801
  _data_pid06: 2.8964835981664896
  _data_pid07: 3.2754764714703946
  _data_pid08: 2.9473419966485617
  _data_pid09: 2.732334856911852
  _data_pid10: 2.9400066507136478
  _data_pid11: 3.168054405445761
  _data_pid12: 2.6549062053766455
  _data_pid13: 3.205546173557545
  _data_pid14: 3.3675758148754293
  _data_pid15: 3.057372185672276
  _data_pid16: 3.0213474867474748
  _data_pid17: 3.3150873395189318
  _data_pid18: 5.825568733821488
  _data_pid19: 3.1142618685897228
  _data_pid20: 3.1225752606492923
  _data_pid21: 2.953699296458821
  _data_pid22: 3.139365052455874
  _data_pid23: 3.150612582889409
  _data_pid24: 2.993962195257128
  _data_pid25: 3.3620335535023833
  _data_pid26: 2.9613606577686205
  _data_pid27: 2.534443524356609
  _data_pid28: 2.9734232266393685
  _data_pid29: 3.30025363996166
  _data_pid30: 2.5764995077167843
  _data_pid31: 2.600135622395952
  _data_pid32: 3.6981554050089
  _data_pid33: 3.21548964249154
  _data_pid34: 2.8384528614369455
  _data_pid35: 2.5253150938598266
  average: 3.125
  size: 32
  standard: 0.5591347368074219
  std/ave: 17.8923115778375
  total(for debug): 100.00000000000001
clock:
  idle_average: 235280.32388663967
  idle_size: 247
  running_average: 78839.2610441767
  running_size: 249
cpu_usage:
  _data_pid00: 26.071102858680035
  _data_pid01: 24.845939893969188
  _data_pid02: 25.97317945544964
  _data_pid03: 24.111429574458615
  average: 25.250397400658066
  standard: 0.8149854187944507
  std/ave: 3.227614226670392
time_response:
  average: 7876973.575757576
  size: 33
  standard: 7513314.991466214
  std/ave: 95.38327022689819
time_turnaround:
  average: 1122508563.3939395
  size: 33
  standard: 46846098.03720467
  std/ave: 4.17333992495915
