_environment:
  LOGSIZE: 500
  NCPU: 8
  NPROC: 15000
  date: 2023/11/17 07:06
  forknum: 32
  policy: multiple
  workload: yieldrepeat
balancing:
  _data_pid04: 3.179891218207608
  _data_pid05: 3.3657752658854116
  _data_pid06: 2.883058570027025
  _data_pid07: 3.8495954288374072
  _data_pid08: 3.075964681027789
  _data_pid09: 3.4927742968406736
  _data_pid10: 2.676910853902963
  _data_pid11: 3.243992624827207
  _data_pid12: 2.9762513818417466
  _data_pid13: 3.152304540867405
  _data_pid14: 2.639092027149303
  _data_pid15: 2.833502866004988
  _data_pid16: 3.075463105076149
  _data_pid17: 2.817452435552506
  _data_pid18: 3.018383761779511
  _data_pid19: 2.958294962773033
  _data_pid20: 3.3967726596967673
  _data_pid21: 3.5609886262637205
  _data_pid22: 2.3035377155021077
  _data_pid23: 2.5302500456434114
  _data_pid24: 3.2307510197039098
  _data_pid25: 3.1406679787893563
  _data_pid26: 3.1147866596847296
  _data_pid27: 2.8136404583200414
  _data_pid28: 3.1841044562013843
  _data_pid29: 2.7725112302855575
  _data_pid30: 3.015574936450327
  _data_pid31: 2.9422445323205513
  _data_pid32: 3.830736173055741
  _data_pid33: 2.4632394985043002
  _data_pid34: 3.1264232217627788
  _data_pid35: 5.3350627672145885
  average: 3.125
  size: 32
  standard: 0.526537880067489
  std/ave: 16.84921216215965
  total(for debug): 99.99999999999997
clock:
  idle_average: 718391.344262295
  idle_size: 244
  running_average: 128626.83870967742
  running_size: 248
cpu_usage:
  _data_pid00: 17.58788780358866
  _data_pid01: 16.405257132878667
  _data_pid02: 15.883293859024407
  _data_pid03: 13.114110764953928
  _data_pid04: 14.351847283348793
  _data_pid05: 16.541813829871423
  _data_pid06: 14.048867009072993
  _data_pid07: 15.158623757344728
  average: 15.396460502839407
  standard: 1.3938156649103084
  std/ave: 9.05283175086418
runtime:
  _data_pid00: 4577888
  _data_pid01: 4329056
  _data_pid02: 4032288
  _data_pid03: 3315008
  _data_pid04: 3723232
  _data_pid05: 4347808
  _data_pid06: 3670144
  _data_pid07: 3904032
  standard: 391601.05307314993
time_response:
  average: 8727266.909090908
  size: 33
  standard: 4362208.294296243
  std/ave: 49.983670027924475
time_turnaround:
  average: 1788399993.2121212
  size: 33
  standard: 109732937.16661747
  std/ave: 6.135816237033619
