_environment:
  LOGSIZE: 500
  NCPU: 8
  NPROC: 5000
  date: 2023/11/14 07:24
  forknum: 32
  policy: multiple
  workload: yieldrepeat
balancing:
  _data_pid04: 3.745233484397772
  _data_pid05: 2.799916149254327
  _data_pid06: 2.64638942682026
  _data_pid07: 3.4232066920880837
  _data_pid08: 3.0898999780390906
  _data_pid09: 3.456647168040887
  _data_pid10: 1.8642815787897542
  _data_pid11: 1.9095010880632475
  _data_pid12: 3.128631036754577
  _data_pid13: 3.9129349757431773
  _data_pid14: 3.1244384994709415
  _data_pid15: 4.20761045339296
  _data_pid16: 3.165066182195692
  _data_pid17: 4.235361057317974
  _data_pid18: 3.2720757052446645
  _data_pid19: 2.271756273832578
  _data_pid20: 2.9089221186288405
  _data_pid21: 3.1046736808480904
  _data_pid22: 2.9604304338277867
  _data_pid23: 3.68653796242688
  _data_pid24: 3.4318912336041847
  _data_pid25: 3.733354628760806
  _data_pid26: 3.210185869152908
  _data_pid27: 2.3886482061929764
  _data_pid28: 2.9295853380981853
  _data_pid29: 3.41122801413484
  _data_pid30: 3.236339316017489
  _data_pid31: 3.399748447762982
  _data_pid32: 2.911517498852043
  _data_pid33: 3.4069356545349283
  _data_pid34: 1.9411447623230649
  _data_pid35: 3.0859070853880093
  average: 3.125
  size: 32
  standard: 0.5837073811144144
  std/ave: 18.678636195661262
  total(for debug): 100.00000000000004
clock:
  idle_average: 699931.8032786886
  idle_size: 244
  running_average: 130218.06451612903
  running_size: 248
cpu_usage:
  _data_pid00: 14.16363714997316
  _data_pid01: 16.043550693137473
  _data_pid02: 15.964869914462563
  _data_pid03: 14.988972904851922
  _data_pid04: 18.717147560331707
  _data_pid05: 16.352360828151706
  _data_pid06: 14.649720012546728
  _data_pid07: 16.261358212247615
  average: 15.902347400085405
  standard: 1.3088539786768196
  std/ave: 8.230570907222102
time_response:
  average: 8643956.363636363
  size: 33
  standard: 3411890.637940467
  std/ave: 39.47140053012881
time_turnaround:
  average: 1464819698.4242425
  size: 33
  standard: 163399585.27263486
  std/ave: 11.154928176376211
