_environment:
  LOGSIZE: 500
  NCPU: 4
  NPROC: 100
  date: 2023/11/14 01:39
  forknum: 32
  policy: multiple
  workload: yieldrepeat
balancing:
  _data_pid04: 3.137328885005428
  _data_pid05: 2.7394947970450394
  _data_pid06: 3.104893160695845
  _data_pid07: 3.490315619456139
  _data_pid08: 3.2134535440993464
  _data_pid09: 3.2051791246326156
  _data_pid10: 3.6283329361611987
  _data_pid11: 3.3802658405486268
  _data_pid12: 3.3410450922763255
  _data_pid13: 2.945031376598618
  _data_pid14: 2.9006804882569437
  _data_pid15: 3.06335557497286
  _data_pid16: 3.0070895225990943
  _data_pid17: 3.220238568062065
  _data_pid18: 3.357262954431117
  _data_pid19: 3.2722019223131302
  _data_pid20: 3.238607779278206
  _data_pid21: 3.0626936214155216
  _data_pid22: 3.3880437948473534
  _data_pid23: 2.801883919824185
  _data_pid24: 2.707390049514126
  _data_pid25: 3.018011756295178
  _data_pid26: 2.978791008022877
  _data_pid27: 2.9063070934943207
  _data_pid28: 3.0823867397463394
  _data_pid29: 3.4967696666401884
  _data_pid30: 3.2728638758704687
  _data_pid31: 3.007420499377764
  _data_pid32: 3.0087444064924402
  _data_pid33: 3.14461037413615
  _data_pid34: 3.2457237800195937
  _data_pid35: 2.6335822278708925
  average: 3.125
  size: 32
  standard: 0.23306856375335616
  std/ave: 7.458194040107396
  total(for debug): 99.99999999999999
clock:
  idle_average: 240404.90322580645
  idle_size: 248
  running_average: 77970.58064516129
  running_size: 248
cpu_usage:
  _data_pid00: 24.25010265869731
  _data_pid01: 25.199027919512258
  _data_pid02: 24.62707896452393
  _data_pid03: 23.890499589970748
  average: 24.49013337872506
  standard: 0.4843709814286408
  std/ave: 1.9778209205239408
time_response:
  average: 8583738.181818182
  size: 33
  standard: 8547299.234546695
  std/ave: 99.57548859832805
time_turnaround:
  average: 1140258049.939394
  size: 33
  standard: 48488965.29725734
  std/ave: 4.252455424439633
