_environment:
  LOGSIZE: 500
  NCPU: 8
  NPROC: 5000
  date: 2023/11/09 10:02
  forknum: 32
  policy: multiple
  workload: yieldrepeat
balancing:
  _data_pid04: 2.8483446813029145
  _data_pid05: 3.241099246605321
  _data_pid06: 2.43525959613487
  _data_pid07: 3.254178116073024
  _data_pid08: 2.7751807085380413
  _data_pid09: 3.0319668288791797
  _data_pid10: 2.9200842227396215
  _data_pid11: 2.8802001455509827
  _data_pid12: 2.7740152647240874
  _data_pid13: 3.365542747184158
  _data_pid14: 4.29440146690528
  _data_pid15: 3.3487085587603818
  _data_pid16: 2.725325612052243
  _data_pid17: 2.6502192329307803
  _data_pid18: 3.3768087040523773
  _data_pid19: 2.7182034554114147
  _data_pid20: 3.3845783294787357
  _data_pid21: 4.125541607639096
  _data_pid22: 3.2852566177784572
  _data_pid23: 3.5243020933960776
  _data_pid24: 2.906487378243495
  _data_pid25: 2.7738857709669817
  _data_pid26: 2.8900416710910366
  _data_pid27: 3.2420057029050633
  _data_pid28: 2.808201616600064
  _data_pid29: 2.642708595018634
  _data_pid30: 4.766017730285223
  _data_pid31: 3.1227419526104647
  _data_pid32: 3.019146946925689
  _data_pid33: 3.52197120576817
  _data_pid34: 2.6250974440522223
  _data_pid35: 2.722476749395912
  average: 3.125
  size: 32
  standard: 0.5039896620414708
  std/ave: 16.127669185327065
  total(for debug): 99.99999999999999
clock:
  idle_average: 715761.0491803279
  idle_size: 244
  running_average: 99643.6129032258
  running_size: 248
cpu_usage:
  _data_pid00: 13.838673838102753
  _data_pid01: 12.737166839320496
  _data_pid02: 11.631623021858557
  _data_pid03: 13.22976661759872
  _data_pid04: 12.90908337884816
  _data_pid05: 11.017750763477158
  _data_pid06: 11.838356477750684
  _data_pid07: 11.996016087899818
  average: 12.395640647482246
  standard: 0.8739953804598481
  std/ave: 7.050828636576929
time_response:
  average: 7877973.333333333
  size: 33
  standard: 3137369.6846661186
  std/ave: 39.82457863104536
time_turnaround:
  average: 1446915165.090909
  size: 33
  standard: 142516705.4876718
  std/ave: 9.849693259571133
