_environment:
  LOGSIZE: 500
  NCPU: 7
  NPROC: 15000
  date: 2023/11/28 23:33
  forknum: 32
  policy: multiple
  workload: yieldrepeat
balancing:
  _data_pid05: 2.902739846302432
  _data_pid06: 2.6514678903322104
  _data_pid07: 2.890147366669902
  _data_pid08: 3.606416850355131
  _data_pid09: 3.215125763058055
  _data_pid10: 2.4861482724042165
  _data_pid11: 2.341392520298153
  _data_pid12: 2.9363583011012064
  _data_pid13: 2.787328037560248
  _data_pid14: 2.6850863451309848
  _data_pid15: 3.377903779592327
  _data_pid16: 2.946524706676094
  _data_pid17: 4.633454868090888
  _data_pid18: 3.131368444401314
  _data_pid19: 2.951492382127459
  _data_pid20: 2.935665137084737
  _data_pid21: 3.0641315348037654
  _data_pid22: 2.888645511300884
  _data_pid23: 3.5607835526042173
  _data_pid24: 4.138997869675923
  _data_pid25: 3.2882545667955956
  _data_pid26: 2.8208309650229437
  _data_pid27: 2.4370491545709543
  _data_pid28: 2.6414170120934015
  _data_pid29: 2.8968479521624406
  _data_pid30: 3.938442414244058
  _data_pid31: 4.610118346203079
  _data_pid32: 2.993659859796025
  _data_pid33: 2.6518144723404453
  _data_pid34: 3.092897841487253
  _data_pid35: 3.7473602003706112
  _data_pid36: 2.7501282353430465
  average: 3.125
  size: 32
  standard: 0.5635975964702902
  std/ave: 18.035123087049286
  total(for debug): 100.00000000000003
clock:
  idle_average: 522938.90612244897
  idle_size: 245
  running_average: 111689.80645161291
  running_size: 248
counters:
  contextswitch: 38563
  worksteal: 961
cpu_usage:
  _data_pid00: 16.473123038145612
  _data_pid01: 19.309004553226313
  _data_pid02: 17.544877658358107
  _data_pid03: 17.999751337276685
  _data_pid04: 17.8939521013885
  _data_pid05: 17.8577126220009
  _data_pid06: 17.351323903662173
  average: 17.776428749070462
  standard: 0.7884900754475276
  std/ave: 4.435593259915933
runtime:
  _data_pid00: 13.41699823012121
  _data_pid01: 15.564766935152196
  _data_pid02: 14.181904722295391
  _data_pid03: 14.550899033729362
  _data_pid04: 14.41931339793622
  _data_pid05: 14.483546596795735
  _data_pid06: 13.382571083969887
  average: 14.285714285714288
  standard: 0.6912097707506135
  std/ave: 4.838468395254294
  total(for debug): 100.00000000000001
time_response:
  average: 7931020.235294118
  size: 34
  standard: 5117148.074397318
  std/ave: 64.5206785833847
time_turnaround:
  average: 1423404667.2941177
  size: 34
  standard: 312056279.04809976
  std/ave: 21.923230000454936
