_environment:
  LOGSIZE: 500
  NCPU: 1
  NPROC: 15000
  date: 2023/11/14 00:39
  forknum: 32
  policy: multiple
  workload: yieldrepeat
balancing:
  _data_pid04: 3.419569387558604
  _data_pid05: 3.2070035625143505
  _data_pid06: 3.199226764037121
  _data_pid07: 3.1725634549723365
  _data_pid08: 3.189228023137827
  _data_pid09: 3.1962641741410343
  _data_pid10: 3.195893850404023
  _data_pid11: 3.223297806942829
  _data_pid12: 3.1840434908196746
  _data_pid13: 3.2081145337253827
  _data_pid14: 3.184413814556685
  _data_pid15: 3.1736744261833696
  _data_pid16: 3.1818215483976093
  _data_pid17: 3.1721931312353258
  _data_pid18: 3.1747853973944022
  _data_pid19: 3.238110756423265
  _data_pid20: 3.1899686706118486
  _data_pid21: 3.184413814556685
  _data_pid22: 3.177747987290489
  _data_pid23: 3.1966344978780454
  _data_pid24: 3.2099661524104373
  _data_pid25: 3.183673167082664
  _data_pid26: 3.185895109504729
  _data_pid27: 3.184784138293696
  _data_pid28: 3.1784886347645114
  _data_pid29: 2.839272091662531
  _data_pid30: 2.8429753290326403
  _data_pid31: 2.8385314441885097
  _data_pid32: 2.8348282068184005
  _data_pid33: 2.836309501766444
  _data_pid34: 2.999251946051238
  _data_pid35: 2.7970551856432895
  average: 3.125
  size: 32
  standard: 0.15132709657395318
  std/ave: 4.842467090366502
  total(for debug): 99.99999999999997
clock:
  idle_average: 85520.256
  idle_size: 250
  running_average: 34703.16465863454
  running_size: 249
cpu_usage:
  _data_pid00: 28.783332498366484
  average: 28.783332498366484
  standard: 0.0
  std/ave: 0.0
time_response:
  average: 17155493.818181816
  size: 33
  standard: 9035240.372680597
  std/ave: 52.66674610733051
time_turnaround:
  average: 1573767609.2121212
  size: 33
  standard: 30916956.47145951
  std/ave: 1.964518540760763
