_environment:
  LOGSIZE: 500
  NCPU: 4
  NPROC: 100
  date: 2023/11/12 23:48
  forknum: 32
  policy: multiple
  workload: yieldrepeat
balancing:
  _data_pid04: 3.087332572629324
  _data_pid05: 3.2795553122212384
  _data_pid06: 2.7339292749944994
  _data_pid07: 3.1502697429127458
  _data_pid08: 3.492074862825964
  _data_pid09: 2.7694060539076477
  _data_pid10: 3.055778706769072
  _data_pid11: 3.653255420868874
  _data_pid12: 2.9200118028514463
  _data_pid13: 3.5219231143153924
  _data_pid14: 3.3615953634578943
  _data_pid15: 3.342321921067578
  _data_pid16: 2.6433611519037217
  _data_pid17: 3.18267641595841
  _data_pid18: 3.149416935727334
  _data_pid19: 3.0554375838949066
  _data_pid20: 3.3498266242992054
  _data_pid21: 3.43596015002584
  _data_pid22: 3.0799984308347788
  _data_pid23: 2.9024439748319546
  _data_pid24: 3.2111601759511785
  _data_pid25: 3.567292456579322
  _data_pid26: 2.9831195345719506
  _data_pid27: 2.536930815164276
  _data_pid28: 3.196491892362088
  _data_pid29: 3.4023595469205983
  _data_pid30: 2.631762974182115
  _data_pid31: 3.2425434803743483
  _data_pid32: 2.961117109188315
  _data_pid33: 3.159821183389363
  _data_pid34: 3.150440304349828
  _data_pid35: 2.7903851106687885
  average: 3.125
  size: 32
  standard: 0.28034876025001376
  std/ave: 8.97116032800044
  total(for debug): 100.0
clock:
  idle_average: 247220.12903225806
  idle_size: 248
  running_average: 75651.48387096774
  running_size: 248
cpu_usage:
  _data_pid00: 24.11276762694765
  _data_pid01: 23.83745081065312
  _data_pid02: 22.249493495157203
  _data_pid03: 23.512585903723945
  average: 23.430825395493265
  standard: 0.7128497869033598
  std/ave: 3.0423588365797425
time_response:
  average: 7431974.787878788
  size: 33
  standard: 6370875.599553461
  std/ave: 85.72251361702772
time_turnaround:
  average: 1109338699.6363637
  size: 33
  standard: 72961576.34721379
  std/ave: 6.577033359706126
