_environment:
  LOGSIZE: 500
  NCPU: 3
  NPROC: 15000
  date: 2023/11/14 00:21
  forknum: 32
  policy: multiple
  workload: yieldrepeat
balancing:
  _data_pid05: 9.868637957949847
  _data_pid06: 2.563287745236289
  _data_pid08: 2.552165467711631
  _data_pid10: 9.32364635924162
  _data_pid13: 2.9064894517114404
  _data_pid14: 9.627125645985851
  _data_pid15: 2.594668456823716
  _data_pid17: 9.63228956055087
  _data_pid19: 2.573615574366328
  _data_pid21: 9.361779882183303
  _data_pid23: 2.6526631896308595
  _data_pid25: 9.320468565663145
  _data_pid27: 2.6757021930747933
  _data_pid29: 9.968738455671765
  _data_pid31: 2.6629910187608985
  _data_pid33: 9.693859311133798
  _data_pid35: 2.0218711643038447
  average: 5.88235294117647
  size: 17
  standard: 3.5119236217212717
  std/ave: 59.70270156926163
  total(for debug): 100.00000000000001
clock:
  idle_average: 162773.2048192771
  idle_size: 249
  running_average: 32353.0281124498
  running_size: 249
cpu_usage:
  _data_pid00: 6.834884659712512
  _data_pid02: 29.1304105436196
  average: 16.58056306748353
  standard: 9.173819984099193
  std/ave: 55.328760228234664
time_response:
  average: 110238408.72727273
  size: 33
  standard: 118844059.38277084
  std/ave: 107.80639956150699
time_turnaround:
  average: 3462510073.212121
  size: 33
  standard: 465899094.2363546
  std/ave: 13.455530363385968
