_environment:
  LOGSIZE: 500
  NCPU: 7
  NPROC: 5000
  date: 2023/11/28 07:33
  forknum: 32
  policy: multiple
  workload: yieldrepeat
balancing:
  _data_pid05: 3.2134141303171404
  _data_pid06: 2.8950054290080103
  _data_pid07: 2.5417998703555216
  _data_pid08: 3.567317953665482
  _data_pid09: 3.3539980890822823
  _data_pid10: 2.6738882753211146
  _data_pid11: 4.121274612375811
  _data_pid12: 3.041291882789288
  _data_pid13: 2.959245781026519
  _data_pid14: 3.2520514434876926
  _data_pid15: 2.863583517694609
  _data_pid16: 3.5869857425986855
  _data_pid17: 2.9882237659044333
  _data_pid18: 2.6217511780307308
  _data_pid19: 4.130002921073977
  _data_pid20: 2.7135729855354467
  _data_pid21: 2.804463773445692
  _data_pid22: 3.7390910688454078
  _data_pid23: 2.694836216196715
  _data_pid24: 3.8508134201819444
  _data_pid25: 3.162673562418463
  _data_pid26: 2.7816537933811487
  _data_pid27: 2.485938694687253
  _data_pid28: 3.170005341724923
  _data_pid29: 2.7872399109479757
  _data_pid30: 3.9730097419562815
  _data_pid31: 3.7730732840436043
  _data_pid32: 3.2307543702641652
  _data_pid33: 2.7775805826553377
  _data_pid34: 2.578226011989205
  _data_pid35: 3.046761622906806
  _data_pid36: 2.6204710260883326
  average: 3.125
  size: 32
  standard: 0.47745407188198713
  std/ave: 15.278530300223588
  total(for debug): 99.99999999999997
clock:
  idle_average: 529797.5081967213
  idle_size: 244
  running_average: 110428.65863453815
  running_size: 249
counters:
  contextswitch: 38577
  worksteal: 1012
cpu_usage:
  _data_pid00: 16.20248957556563
  _data_pid01: 17.947249827268113
  _data_pid02: 16.58112915235682
  _data_pid03: 18.999118203778224
  _data_pid04: 16.342938405975655
  _data_pid05: 18.89583877408021
  _data_pid06: 17.87821863504875
  average: 17.539838403063168
  standard: 1.0947220592964426
  std/ave: 6.241346323380378
runtime:
  _data_pid00: 13.502926310962874
  _data_pid01: 14.117282865864517
  _data_pid02: 13.501762536469784
  _data_pid03: 15.395805523972008
  _data_pid04: 13.507930541283155
  _data_pid05: 15.40942168554115
  _data_pid06: 14.564870535906515
  average: 14.285714285714286
  standard: 0.7958466421326278
  std/ave: 5.570926494928394
  total(for debug): 100.0
time_response:
  average: 8633924.705882354
  size: 34
  standard: 6679164.3812697865
  std/ave: 77.3595393612736
time_turnaround:
  average: 1421080361.4117646
  size: 34
  standard: 273534591.2021727
  std/ave: 19.2483548875752
