_environment:
  LOGSIZE: 500
  NCPU: 7
  NPROC: 100
  date: 2023/11/28 23:33
  forknum: 32
  policy: multiple
  workload: yieldrepeat
balancing:
  _data_pid05: 2.656570481301453
  _data_pid06: 3.497607072949154
  _data_pid07: 3.0747473612242797
  _data_pid08: 2.417394847011885
  _data_pid09: 3.1366778118063556
  _data_pid10: 3.7272999728395755
  _data_pid11: 3.5370599308814024
  _data_pid12: 2.5862109334756913
  _data_pid13: 2.4267605106159795
  _data_pid14: 2.964700813876167
  _data_pid15: 3.6098779654032387
  _data_pid16: 2.9381257433995485
  _data_pid17: 3.460729772508031
  _data_pid18: 3.0005244771618296
  _data_pid19: 2.679633427926536
  _data_pid20: 2.6429902690755154
  _data_pid21: 3.3268007829694772
  _data_pid22: 3.5699568242907853
  _data_pid23: 3.7438069549417925
  _data_pid24: 3.3294934112556547
  _data_pid25: 2.876429434407575
  _data_pid26: 2.553079898476206
  _data_pid27: 3.333473818287395
  _data_pid28: 3.1225122456051624
  _data_pid29: 2.799045638878743
  _data_pid30: 3.5025240463413034
  _data_pid31: 4.070551543929645
  _data_pid32: 3.486719489009394
  _data_pid33: 3.40921862268551
  _data_pid34: 3.1008541485206935
  _data_pid35: 2.944798778717466
  _data_pid36: 2.4738229702265557
  average: 3.125
  size: 32
  standard: 0.430623869372036
  std/ave: 13.779963819905152
  total(for debug): 100.0
clock:
  idle_average: 524633.3114754099
  idle_size: 244
  running_average: 109774.65060240965
  running_size: 249
counters:
  contextswitch: 38721
  worksteal: 948
cpu_usage:
  _data_pid00: 16.38446157912276
  _data_pid01: 19.983882054563985
  _data_pid02: 16.306220040243314
  _data_pid03: 18.082655777938843
  _data_pid04: 16.639571619509002
  _data_pid05: 17.489019097096882
  _data_pid06: 18.35531517491893
  average: 17.595668195759288
  standard: 1.2289936987424739
  std/ave: 6.984637838525917
runtime:
  _data_pid00: 13.35379730830828
  _data_pid01: 15.792381969224428
  _data_pid02: 13.1777228325513
  _data_pid03: 14.74974946849859
  _data_pid04: 13.743994268213875
  _data_pid05: 14.179965908984482
  _data_pid06: 15.002388244219045
  average: 14.285714285714286
  standard: 0.8782901677850927
  std/ave: 6.148031174495649
  total(for debug): 100.0
time_response:
  average: 7640514.823529412
  size: 34
  standard: 3697589.325678019
  std/ave: 48.39450496570043
time_turnaround:
  average: 1405143032.4705882
  size: 34
  standard: 266228106.09691527
  std/ave: 18.946690831097854
