_environment:
  LOGSIZE: 500
  NCPU: 7
  NPROC: 100
  date: 2023/12/05 01:43
  forknum: 32
  policy: multiple
  workload: yieldrepeat
balancing:
  _data_pid04: 0.1023484427973315
  _data_pid05: 3.5007569520248554
  _data_pid06: 3.974118499962514
  _data_pid07: 2.827375732276283
  _data_pid08: 2.8011695785761597
  _data_pid09: 3.4639582847556536
  _data_pid10: 2.6148376353382763
  _data_pid11: 2.9654911040081657
  _data_pid12: 3.422000925813199
  _data_pid13: 3.318276831903
  _data_pid14: 2.7603127405239993
  _data_pid15: 2.804952619136545
  _data_pid16: 3.731866338986572
  _data_pid17: 3.1959126654134487
  _data_pid18: 3.890547694855821
  _data_pid19: 2.6607843825080457
  _data_pid20: 3.7553899730166034
  _data_pid21: 3.010337330287642
  _data_pid22: 3.4502017736269797
  _data_pid23: 2.888660989354524
  _data_pid24: 4.123307863152979
  _data_pid25: 2.5610496768251623
  _data_pid26: 3.414090931914212
  _data_pid27: 2.9540731997713667
  _data_pid28: 2.197052392360459
  _data_pid29: 3.528063626615272
  _data_pid30: 2.8963646355865813
  _data_pid31: 3.3802499145376745
  _data_pid32: 3.438096043833747
  _data_pid33: 2.808460529474357
  _data_pid34: 2.611879985445611
  _data_pid35: 2.4964628570760397
  _data_pid36: 2.4515478482409208
  average: 3.0303030303030303
  size: 33
  standard: 0.7024479601148305
  std/ave: 23.180782683789406
  total(for debug): 100.00000000000001
clock:
  idle_average: 252640.7868852459
  idle_size: 244
  running_average: 189364.34008097165
  running_size: 247
counters:
  contextswitch: 40786
  worksteal: 0
cpu_usage:
  _data_pid00: 44.7629659643436
  _data_pid01: 44.29735845619062
  _data_pid02: 43.20820806450951
  _data_pid03: 41.7956304755848
  _data_pid04: 40.97822759426936
  _data_pid05: 41.814499071640974
  _data_pid06: 45.1439377933543
  average: 43.14161394693454
  standard: 1.522751701255653
  std/ave: 3.5296586333758455
runtime:
  _data_pid00: 14.893555556014107
  _data_pid01: 14.819201613363624
  _data_pid02: 14.491865431056839
  _data_pid03: 13.284181319070582
  _data_pid04: 13.718543157958452
  _data_pid05: 13.80183883284257
  _data_pid06: 14.990814089693828
  average: 14.285714285714286
  standard: 0.6270828826816093
  std/ave: 4.389580178771265
  total(for debug): 100.0
time_response:
  average: 6240800.94117647
  size: 34
  standard: 6681516.976601544
  std/ave: 107.06185054737529
time_turnaround:
  average: 815034276.7058823
  size: 34
  standard: 156700394.3297292
  std/ave: 19.226233645419672
