_environment:
  LOGSIZE: 500
  NCPU: 8
  NPROC: 100
  date: 2023/11/14 07:24
  forknum: 32
  policy: multiple
  workload: yieldrepeat
balancing:
  _data_pid04: 2.460180275605245
  _data_pid05: 3.0462949255523886
  _data_pid06: 3.170878171138806
  _data_pid07: 2.4892670752024086
  _data_pid08: 3.2225880370893183
  _data_pid09: 3.374694275842944
  _data_pid10: 2.8267365027867033
  _data_pid11: 2.5572405280244537
  _data_pid12: 4.210392432010909
  _data_pid13: 2.8504021067600225
  _data_pid14: 2.7444802845710687
  _data_pid15: 2.701736242152298
  _data_pid16: 3.4930222957095407
  _data_pid17: 3.3230886636544277
  _data_pid18: 3.270544767607939
  _data_pid19: 3.3174589605065896
  _data_pid20: 4.4524696673679465
  _data_pid21: 3.1663952593729348
  _data_pid22: 2.461848335797197
  _data_pid23: 3.2766957395657625
  _data_pid24: 2.755531183342751
  _data_pid25: 3.8000496247907107
  _data_pid26: 2.9709194556285565
  _data_pid27: 3.084243294919297
  _data_pid28: 3.8394575468255776
  _data_pid29: 2.893875925512772
  _data_pid30: 2.8304896382185953
  _data_pid31: 3.1700441410428297
  _data_pid32: 2.7772159658381272
  _data_pid33: 3.3138100788366947
  _data_pid34: 3.516896407206854
  _data_pid35: 2.631052191518331
  average: 3.125
  size: 32
  standard: 0.4743097141958119
  std/ave: 15.17791085426598
  total(for debug): 100.00000000000003
clock:
  idle_average: 728862.4197530864
  idle_size: 243
  running_average: 124475.3734939759
  running_size: 249
cpu_usage:
  _data_pid00: 16.8092099665238
  _data_pid01: 14.536281915770488
  _data_pid02: 14.183292568340773
  _data_pid03: 13.247131832209176
  _data_pid04: 15.68466966520769
  _data_pid05: 12.69307324103907
  _data_pid06: 15.392621361143421
  _data_pid07: 16.68900804289544
  average: 14.89340992743304
  standard: 1.4121475928043958
  std/ave: 9.481694250577759
time_response:
  average: 8937691.151515152
  size: 33
  standard: 4403708.325733116
  std/ave: 49.271207195233885
time_turnaround:
  average: 1473140590.5454545
  size: 33
  standard: 151604336.5858288
  std/ave: 10.291233406968631
