_environment:
  LOGSIZE: 500
  NCPU: 7
  NPROC: 100
  date: 2023/11/20 05:06
  forknum: 32
  policy: multiple
  workload: yieldrepeat
balancing:
  _data_pid05: 3.551771392626873
  _data_pid06: 2.9992259666736785
  _data_pid07: 3.6945284625737527
  _data_pid08: 3.914893095581883
  _data_pid09: 2.9369356857955697
  _data_pid10: 3.36428785870522
  _data_pid11: 3.0933761944927225
  _data_pid12: 3.7005532602324553
  _data_pid13: 2.982887532344994
  _data_pid14: 3.1317715151651306
  _data_pid15: 3.392880118780418
  _data_pid16: 3.5393133364512512
  _data_pid17: 3.4737553687074056
  _data_pid18: 3.0603929801916907
  _data_pid19: 2.8100064741046027
  _data_pid20: 3.10144329644251
  _data_pid21: 2.866884648611335
  _data_pid22: 2.818073576054391
  _data_pid23: 4.340611425058665
  _data_pid24: 3.617227245156165
  _data_pid25: 2.7183070114348618
  _data_pid26: 3.3231354272398463
  _data_pid27: 2.7863157443280104
  _data_pid28: 3.1320778608087934
  _data_pid29: 2.541239229397745
  _data_pid30: 3.6418370118637458
  _data_pid31: 3.7783650537228146
  _data_pid32: 2.992690592942205
  _data_pid33: 3.0327197570474818
  _data_pid34: 3.2434855598875103
  _data_pid35: 2.419007317576275
  average: 3.225806451612903
  size: 31
  standard: 0.4219333921035668
  std/ave: 13.07993515521057
  total(for debug): 100.0
clock:
  idle_average: 572816.8489795919
  idle_size: 245
  running_average: 126359.48387096774
  running_size: 248
cpu_usage:
  _data_pid00: 18.812308554422607
  _data_pid01: 19.260727833248268
  _data_pid02: 20.16957231928917
  _data_pid03: 17.684309534202782
  _data_pid04: 13.346165340881816
  _data_pid05: 19.053921173737194
  _data_pid06: 18.590902553777248
  average: 18.253523121987953
  standard: 2.075660770484751
  std/ave: 11.371288471891969
runtime:
  _data_pid00: 4769760
  _data_pid01: 4806208
  _data_pid02: 5077472
  _data_pid03: 4524416
  _data_pid04: 2757984
  _data_pid05: 4768352
  _data_pid06: 4632960
  standard: 719238.3128393537
time_response:
  average: 8308370.823529412
  size: 34
  standard: 3415708.1196882194
  std/ave: 41.11164742448532
time_turnaround:
  average: 1516015478.5882354
  size: 34
  standard: 285687851.06299156
  std/ave: 18.844652650184923
