_environment:
  LOGSIZE: 500
  NCPU: 8
  NPROC: 5000
  date: 2023/11/17 07:06
  forknum: 32
  policy: multiple
  workload: yieldrepeat
balancing:
  _data_pid04: 2.813520828018149
  _data_pid05: 3.435534945147299
  _data_pid06: 2.0179190491198056
  _data_pid07: 3.4239290841875145
  _data_pid08: 3.1812065092871897
  _data_pid09: 3.4636491428171228
  _data_pid10: 2.542884156499032
  _data_pid11: 2.351287400137069
  _data_pid12: 3.4107224148194835
  _data_pid13: 3.4249295894426686
  _data_pid14: 3.524880064432538
  _data_pid15: 2.6769518606896483
  _data_pid16: 2.4581413613875007
  _data_pid17: 3.892265594125033
  _data_pid18: 4.6027243758097836
  _data_pid19: 1.958589087489182
  _data_pid20: 3.2152236879624208
  _data_pid21: 3.0511408261171895
  _data_pid22: 3.503069049870185
  _data_pid23: 3.8720553879709256
  _data_pid24: 1.8131156233898118
  _data_pid25: 3.3006668367525602
  _data_pid26: 4.581913866502584
  _data_pid27: 2.4056148354919236
  _data_pid28: 2.5962110865987325
  _data_pid29: 3.169200446225344
  _data_pid30: 3.934787067469072
  _data_pid31: 2.8570428066173417
  _data_pid32: 2.49175833796067
  _data_pid33: 3.382208015047599
  _data_pid34: 4.6810639372883305
  _data_pid35: 1.96579272532629
  average: 3.125
  size: 32
  standard: 0.750450039626095
  std/ave: 24.01440126803504
  total(for debug): 100.0
clock:
  idle_average: 744822.8196721311
  idle_size: 244
  running_average: 130060.64516129032
  running_size: 248
cpu_usage:
  _data_pid00: 12.57008653703743
  _data_pid01: 14.839788555367754
  _data_pid02: 15.589576873778205
  _data_pid03: 14.04565198572738
  _data_pid04: 17.928719014538736
  _data_pid05: 12.21442859240466
  _data_pid06: 16.7636963593854
  _data_pid07: 16.7222316741055
  average: 15.073025599185554
  standard: 1.921790677173407
  std/ave: 12.749866737287622
runtime:
  _data_pid00: 3422016
  _data_pid01: 3967072
  _data_pid02: 4180032
  _data_pid03: 3790272
  _data_pid04: 4723136
  _data_pid05: 3247584
  _data_pid06: 4490144
  _data_pid07: 4434784
  standard: 490121.1860591215
time_response:
  average: 9462308.848484848
  size: 33
  standard: 6060880.317584338
  std/ave: 64.0528692799415
time_turnaround:
  average: 1750294501.8181818
  size: 33
  standard: 166426142.17675415
  std/ave: 9.50846511851994
