_environment:
  LOGSIZE: 500
  NCPU: 7
  NPROC: 15000
  date: 2023/11/21 05:37
  forknum: 32
  policy: multiple
  workload: yieldrepeat
balancing:
  _data_pid05: 2.8319370155224526
  _data_pid06: 2.694222375593515
  _data_pid07: 2.940175610130174
  _data_pid08: 2.777298492488002
  _data_pid09: 4.161075004952615
  _data_pid10: 2.7604436264642165
  _data_pid11: 3.492951311005029
  _data_pid12: 3.0778103691774827
  _data_pid13: 3.5456726928803772
  _data_pid14: 4.558162867531936
  _data_pid15: 2.734322578171431
  _data_pid16: 3.0772512030060772
  _data_pid17: 3.120946045257312
  _data_pid18: 4.067933896972834
  _data_pid19: 2.9936159199401855
  _data_pid20: 3.1569723228721327
  _data_pid21: 2.5437267946038866
  _data_pid22: 2.295057610091831
  _data_pid23: 3.90649463519999
  _data_pid24: 2.988184019989392
  _data_pid25: 3.6860234019030824
  _data_pid26: 2.1845823507984896
  _data_pid27: 2.782330988030649
  _data_pid28: 3.106647367445665
  _data_pid29: 2.788322054152847
  _data_pid30: 3.70495517084923
  _data_pid31: 3.8092796022571145
  _data_pid32: 2.735440910514241
  _data_pid33: 2.604835669050312
  _data_pid34: 3.3803192679076957
  _data_pid35: 2.7939935967485283
  _data_pid36: 2.699015228491274
  average: 3.125
  size: 32
  standard: 0.5515105179118415
  std/ave: 17.648336573178927
  total(for debug): 100.0
clock:
  idle_average: 525492.2926829269
  idle_size: 246
  running_average: 172874.23481781376
  running_size: 247
cpu_usage:
  _data_pid00: 29.27672943757422
  _data_pid01: 24.547758708088928
  _data_pid02: 24.687442943364857
  _data_pid03: 23.395659720406947
  _data_pid04: 21.570706448033533
  _data_pid05: 26.81340473501765
  _data_pid06: 23.516573755543583
  average: 24.829724818783443
  standard: 2.336440952493626
  std/ave: 9.409854396477769
runtime:
  _data_pid00: 15.03174466235949
  _data_pid01: 13.692781324488923
  _data_pid02: 12.865295271690854
  _data_pid03: 14.298917454292159
  _data_pid04: 13.277161097371598
  _data_pid05: 16.33068767853377
  _data_pid06: 14.503412511263205
  average: 14.285714285714286
  standard: 1.0805014409263638
  std/ave: 7.563510086484546
  total(for debug): 100.0
time_response:
  average: 8154183.529411765
  size: 34
  standard: 5254169.313529188
  std/ave: 64.4352594539679
time_turnaround:
  average: 1513079823.0588236
  size: 34
  standard: 293320310.99588895
  std/ave: 19.38564684597513
