_environment:
  LOGSIZE: 500
  NCPU: 7
  NPROC: 15000
  date: 2023/11/28 07:33
  forknum: 32
  policy: multiple
  workload: yieldrepeat
balancing:
  _data_pid05: 3.8889178299068425
  _data_pid06: 4.476558907932079
  _data_pid07: 2.4956343103569334
  _data_pid08: 2.6164693518394784
  _data_pid09: 2.672300350387646
  _data_pid10: 2.935600698510343
  _data_pid11: 2.111159178367017
  _data_pid12: 2.8622163434206622
  _data_pid13: 2.6938173680836943
  _data_pid14: 2.9335622442022964
  _data_pid15: 2.5686789230619396
  _data_pid16: 5.346978897468013
  _data_pid17: 2.4276858334220437
  _data_pid18: 3.4795282563741337
  _data_pid19: 2.8604043840357316
  _data_pid20: 2.998679534598232
  _data_pid21: 3.4744321206040167
  _data_pid22: 4.503511803782918
  _data_pid23: 2.6461401867677137
  _data_pid24: 3.450763401138363
  _data_pid25: 2.2823893402429385
  _data_pid26: 3.103320189077962
  _data_pid27: 3.0644763097635166
  _data_pid28: 2.9016264600428983
  _data_pid29: 2.51296117197533
  _data_pid30: 4.7030538310483765
  _data_pid31: 3.9480330048401964
  _data_pid32: 3.7324098380334805
  _data_pid33: 2.6690161740024596
  _data_pid34: 2.4826108522777464
  _data_pid35: 3.0195170675249314
  _data_pid36: 2.1375458369100655
  average: 3.125
  size: 32
  standard: 0.7747919061357998
  std/ave: 24.793340996345595
  total(for debug): 100.0
clock:
  idle_average: 544724.7213114754
  idle_size: 244
  running_average: 113480.7389558233
  running_size: 249
counters:
  contextswitch: 38749
  worksteal: 958
cpu_usage:
  _data_pid00: 16.850518875893528
  _data_pid01: 19.32103423426995
  _data_pid02: 17.06578287967262
  _data_pid03: 18.130208127641087
  _data_pid04: 15.931607230092819
  _data_pid05: 17.423306728345768
  _data_pid06: 18.043021643655926
  average: 17.532286002238042
  standard: 1.005304686771988
  std/ave: 5.7340194350220965
runtime:
  _data_pid00: 13.780404112241824
  _data_pid01: 15.455107573763735
  _data_pid02: 13.960467576119282
  _data_pid03: 14.556941956146051
  _data_pid04: 12.926291757170263
  _data_pid05: 14.553544532299309
  _data_pid06: 14.767242492259536
  average: 14.285714285714286
  standard: 0.7515508699309329
  std/ave: 5.26085608951653
  total(for debug): 100.0
time_response:
  average: 8215104.0
  size: 34
  standard: 5697817.760196969
  std/ave: 69.35782870426192
time_turnaround:
  average: 1428175600.0
  size: 34
  standard: 316422292.0348607
  std/ave: 22.155699343614376
