_environment:
  LOGSIZE: 500
  NCPU: 4
  NPROC: 15000
  date: 2023/11/14 01:38
  forknum: 32
  policy: multiple
  workload: yieldrepeat
balancing:
  _data_pid04: 2.9801036449724734
  _data_pid05: 3.0695813190500454
  _data_pid06: 2.282612748083065
  _data_pid07: 3.2221283258975726
  _data_pid08: 3.8650937651459607
  _data_pid09: 2.91082058483602
  _data_pid10: 3.1060869673282214
  _data_pid11: 2.6158238781115237
  _data_pid12: 3.4066760286825657
  _data_pid13: 3.197273416431581
  _data_pid14: 2.4977630581480605
  _data_pid15: 3.2921881019548382
  _data_pid16: 3.496153702760138
  _data_pid17: 3.26438167198976
  _data_pid18: 2.9726471721326755
  _data_pid19: 2.74864230057042
  _data_pid20: 3.364422682590379
  _data_pid21: 2.7944685398983435
  _data_pid22: 4.526389700125518
  _data_pid23: 3.4872991412628775
  _data_pid24: 3.110591919668933
  _data_pid25: 3.047833273267302
  _data_pid26: 3.007910074937552
  _data_pid27: 3.870375433407484
  _data_pid28: 3.0377359662967427
  _data_pid29: 3.2274099941590966
  _data_pid30: 2.928063678278052
  _data_pid31: 3.461978202244399
  _data_pid32: 3.073309555469944
  _data_pid33: 2.586930045857308
  _data_pid34: 3.183447873041122
  _data_pid35: 2.363857233400027
  average: 3.125
  size: 32
  standard: 0.4439488744437771
  std/ave: 14.206363982200868
  total(for debug): 100.0
clock:
  idle_average: 253306.6882591093
  idle_size: 247
  running_average: 82729.12449799197
  running_size: 249
cpu_usage:
  _data_pid00: 25.672550213024955
  _data_pid01: 24.663501549290153
  _data_pid02: 24.78010726774262
  _data_pid03: 23.958426678120393
  average: 24.769108411983776
  standard: 0.6092384068991925
  std/ave: 2.4596703149978185
time_response:
  average: 9384955.151515152
  size: 33
  standard: 9392706.940630892
  std/ave: 100.08259804112637
time_turnaround:
  average: 1196408256.969697
  size: 33
  standard: 65432202.96176741
  std/ave: 5.469053107966364
