_environment:
  LOGSIZE: 500
  NCPU: 2
  NPROC: 100
  date: 2023/11/13 03:53
  forknum: 32
  policy: multiple
  workload: yieldrepeat
balancing:
  _data_pid11: 1.2873729989307703
  _data_pid16: 94.53563770244237
  _data_pid19: 1.260895814950107
  _data_pid34: 1.258013218307051
  _data_pid35: 1.6580802653697115
  average: 20.0
  size: 5
  standard: 37.268125283480046
  std/ave: 186.34062641740024
  total(for debug): 100.0
clock:
  idle_average: 80345.06024096385
  idle_size: 249
  running_average: 481493.5903614458
  running_size: 249
cpu_usage:
  _data_pid00: 85.69962031718235
  average: 85.69962031718235
  standard: 0.0
  std/ave: 0.0
time_response:
  average: 400509591.27272725
  size: 33
  standard: 423898181.8902219
  std/ave: 105.83970799380138
time_turnaround:
  average: 6610547096.242424
  size: 33
  standard: 1334711394.0509684
  std/ave: 20.19063436987911
