_environment:
  LOGSIZE: 500
  NCPU: 8
  NPROC: 5000
  date: 2023/11/10 04:02
  forknum: 32
  policy: multiple
  workload: yieldrepeat
balancing:
  _data_pid04: 3.7450423532556023
  _data_pid05: 3.097256152541779
  _data_pid06: 3.17756451589885
  _data_pid07: 3.3230017942886354
  _data_pid08: 2.0802331148098223
  _data_pid09: 3.386444103951976
  _data_pid10: 3.565094534230953
  _data_pid11: 2.154443751062237
  _data_pid12: 2.724516365910332
  _data_pid13: 3.830151054971659
  _data_pid14: 3.5962318641270716
  _data_pid15: 3.6011619413606235
  _data_pid16: 3.3183311948042173
  _data_pid17: 3.447810591622242
  _data_pid18: 2.12097112142391
  _data_pid19: 3.6788755272263516
  _data_pid20: 3.0639132617780196
  _data_pid21: 3.2150590506487595
  _data_pid22: 3.5554938575129835
  _data_pid23: 3.5988266416184147
  _data_pid24: 3.5641863621089835
  _data_pid25: 2.875402677031938
  _data_pid26: 3.099721191158555
  _data_pid27: 1.986042691874065
  _data_pid28: 2.855163412599461
  _data_pid29: 3.300686707863084
  _data_pid30: 3.404477807516811
  _data_pid31: 3.15018961336518
  _data_pid32: 3.6399538648562038
  _data_pid33: 2.968036233472889
  _data_pid34: 3.1944305695925808
  _data_pid35: 1.6812860755158094
  average: 3.125
  size: 32
  standard: 0.5540105115720274
  std/ave: 17.728336370304877
  total(for debug): 100.00000000000001
clock:
  idle_average: 723229.1028806585
  idle_size: 243
  running_average: 100325.01204819277
  running_size: 249
cpu_usage:
  _data_pid00: 9.633525741982869
  _data_pid01: 11.968249014063645
  _data_pid02: 13.576639008510169
  _data_pid03: 10.623837925919736
  _data_pid04: 13.379883835338179
  _data_pid05: 13.42115798905687
  _data_pid06: 13.543261097236767
  _data_pid07: 13.383168769230965
  average: 12.445312406588895
  standard: 1.4423144218662947
  std/ave: 11.58921829156087
time_response:
  average: 8801160.727272727
  size: 33
  standard: 6763414.063255293
  std/ave: 76.84684182959032
time_turnaround:
  average: 1458655675.1515152
  size: 33
  standard: 133067625.1320703
  std/ave: 9.122620739006699
