_environment:
  LOGSIZE: 500
  NCPU: 7
  NPROC: 5000
  date: 2023/11/21 05:37
  forknum: 32
  policy: multiple
  workload: yieldrepeat
balancing:
  _data_pid05: 3.116259845231808
  _data_pid06: 2.646367693096665
  _data_pid07: 2.8227207666460004
  _data_pid08: 2.9515411758402412
  _data_pid09: 3.10164029790198
  _data_pid10: 3.329888937365573
  _data_pid11: 3.4970569550008803
  _data_pid12: 2.9628694114675422
  _data_pid13: 2.5670700437055576
  _data_pid14: 3.0414781816650973
  _data_pid15: 3.2382680046231447
  _data_pid16: 3.2516628778311016
  _data_pid17: 3.752554593676089
  _data_pid18: 3.8581061945547925
  _data_pid19: 2.298254073955009
  _data_pid20: 3.1279707915221935
  _data_pid21: 3.135931173314351
  _data_pid22: 2.6664217318422927
  _data_pid23: 3.096358890751414
  _data_pid24: 3.5259898811300676
  _data_pid25: 3.949650585164604
  _data_pid26: 3.318177991075187
  _data_pid27: 2.7682227682227682
  _data_pid28: 2.9749630684210127
  _data_pid29: 2.363774139475074
  _data_pid30: 3.9549319923151702
  _data_pid31: 3.4725634725634724
  _data_pid32: 3.303328817347509
  _data_pid33: 2.892756817990463
  _data_pid34: 3.09054168867253
  _data_pid35: 3.143202675912956
  _data_pid36: 2.7794744617174523
  average: 3.125
  size: 32
  standard: 0.40906436219410325
  std/ave: 13.090059590211304
  total(for debug): 100.0
clock:
  idle_average: 522742.243902439
  idle_size: 246
  running_average: 169259.27125506074
  running_size: 247
cpu_usage:
  _data_pid00: 24.58287015050899
  _data_pid01: 25.94543037094352
  _data_pid02: 24.72749003984064
  _data_pid03: 25.62536755439805
  _data_pid04: 23.853740646739343
  _data_pid05: 22.804348874524724
  _data_pid06: 24.207145040090346
  average: 24.534412909848186
  standard: 0.984473735334241
  std/ave: 4.012623978212539
runtime:
  _data_pid00: 14.18448184803325
  _data_pid01: 15.220020360207275
  _data_pid02: 14.251992009001354
  _data_pid03: 14.941942792410082
  _data_pid04: 13.88405397751192
  _data_pid05: 13.39119918559171
  _data_pid06: 14.126309827244407
  average: 14.285714285714288
  standard: 0.5734416075806598
  std/ave: 4.014091253064618
  total(for debug): 100.00000000000001
time_response:
  average: 8006403.764705882
  size: 34
  standard: 4638509.44182404
  std/ave: 57.93499276506245
time_turnaround:
  average: 1481520682.3529413
  size: 34
  standard: 280753633.28714395
  std/ave: 18.950368808976254
