_environment:
  LOGSIZE: 500
  NCPU: 6
  NPROC: 15000
  date: 2023/11/13 03:53
  forknum: 32
  policy: multiple
  workload: yieldrepeat
balancing:
  _data_pid05: 10.794292619445994
  _data_pid09: 12.014314928425359
  _data_pid13: 11.357826733593605
  _data_pid16: 10.406209332589702
  _data_pid19: 10.599089050009296
  _data_pid24: 10.40775856726777
  _data_pid28: 10.32448720332156
  _data_pid31: 10.458496002974531
  _data_pid35: 13.637525562372188
  average: 11.11111111111111
  size: 9
  standard: 1.0359231648476874
  std/ave: 9.323308483629187
  total(for debug): 100.0
clock:
  idle_average: 84245.07630522088
  idle_size: 249
  running_average: 34759.45381526105
  running_size: 249
cpu_usage:
  _data_pid01: 28.334004133158924
  _data_pid05: 30.312945983460732
  average: 29.20851313817219
  standard: 0.5751141784610307
  std/ave: 1.9689950520261925
time_response:
  average: 587666537.6969697
  size: 33
  standard: 591433555.918651
  std/ave: 100.64101288401478
time_turnaround:
  average: 7687339299.878788
  size: 33
  standard: 945701531.9105535
  std/ave: 12.302065708553608
