_environment:
  LOGSIZE: 500
  NCPU: 8
  NPROC: 100
  date: 2023/11/17 07:07
  forknum: 32
  policy: multiple
  workload: yieldrepeat
balancing:
  _data_pid04: 3.002441887814485
  _data_pid05: 2.7292815560246186
  _data_pid06: 1.9947972344787697
  _data_pid07: 2.720802077875931
  _data_pid08: 3.637898018123875
  _data_pid09: 3.273078565393433
  _data_pid10: 3.070075820667113
  _data_pid11: 4.251650722219362
  _data_pid12: 3.0323219536717656
  _data_pid13: 3.34848535321569
  _data_pid14: 2.5026574078840973
  _data_pid15: 3.994338938874067
  _data_pid16: 2.8203349999545746
  _data_pid17: 3.5514880979420105
  _data_pid18: 3.1810156597791095
  _data_pid19: 1.9752136778020384
  _data_pid20: 3.194643392518072
  _data_pid21: 3.383412727494809
  _data_pid22: 4.087411306172757
  _data_pid23: 2.4077680095535454
  _data_pid24: 3.336169920666406
  _data_pid25: 2.8163980993855406
  _data_pid26: 3.2544035242326323
  _data_pid27: 2.4402726757901814
  _data_pid28: 3.575513286029959
  _data_pid29: 3.135085153140385
  _data_pid30: 4.248117606324076
  _data_pid31: 2.9704419524200327
  _data_pid32: 3.620434330984316
  _data_pid33: 3.034643715545811
  _data_pid34: 2.967817352040677
  _data_pid35: 2.4415849759798594
  average: 3.125
  size: 32
  standard: 0.5685120115370267
  std/ave: 18.192384369184854
  total(for debug): 99.99999999999999
clock:
  idle_average: 750383.5390946502
  idle_size: 243
  running_average: 128487.06827309237
  running_size: 249
cpu_usage:
  _data_pid00: 15.177294682036454
  _data_pid01: 15.49957114029229
  _data_pid02: 15.542072268492104
  _data_pid03: 13.536031257179948
  _data_pid04: 15.392243976433242
  _data_pid05: 16.21840937590431
  _data_pid06: 13.572567668006437
  _data_pid07: 14.37925543433396
  average: 14.92666110780582
  standard: 0.9166670867029605
  std/ave: 6.1411395360453
runtime:
  _data_pid00: 4153824
  _data_pid01: 4180832
  _data_pid02: 4245184
  _data_pid03: 3450016
  _data_pid04: 4201792
  _data_pid05: 4304288
  _data_pid06: 3611328
  _data_pid07: 3846016
  standard: 301463.55056623346
time_response:
  average: 9035774.06060606
  size: 33
  standard: 6307225.833643273
  std/ave: 69.80282808466136
time_turnaround:
  average: 1762769696.0
  size: 33
  standard: 173711875.04470906
  std/ave: 9.854484986830013
