_environment:
  LOGSIZE: 500
  NCPU: 8
  NPROC: 5000
  date: 2023/12/07 01:25
  forknum: 32
  policy: multiple
  workload: yieldrepeat
balancing:
  _data_pid04: 0.386177550958215
  _data_pid05: 2.5203241084925754
  _data_pid06: 3.7646818694990607
  _data_pid07: 2.79169020183429
  _data_pid08: 3.002177874131207
  _data_pid09: 3.3578099076618217
  _data_pid10: 2.3751797472588763
  _data_pid11: 2.4422239688053016
  _data_pid12: 3.000122607297331
  _data_pid13: 4.148662411083133
  _data_pid14: 2.958662914269151
  _data_pid15: 3.322232530054734
  _data_pid16: 3.8589406587768043
  _data_pid17: 3.4670225349377644
  _data_pid18: 2.5493813292473684
  _data_pid19: 2.9135887864641545
  _data_pid20: 2.7571758932792063
  _data_pid21: 3.3902689493830303
  _data_pid22: 2.5576732678530045
  _data_pid23: 3.5773691025358447
  _data_pid24: 3.6855186607597825
  _data_pid25: 2.5765250257085532
  _data_pid26: 2.9653956849318464
  _data_pid27: 2.8989184335464904
  _data_pid28: 2.6861628806052975
  _data_pid29: 2.7240790101267955
  _data_pid30: 4.666731395760055
  _data_pid31: 3.478574551969548
  _data_pid32: 3.1167058466671724
  _data_pid33: 3.5031668827059215
  _data_pid34: 2.717842338355035
  _data_pid35: 2.75334884469199
  _data_pid36: 3.085664230348637
  average: 3.0303030303030303
  size: 33
  standard: 0.6980083152219947
  std/ave: 23.034274402325824
  total: 99.99999999999999
clock:
  idle_average: 252746.79674796748
  idle_size: 246
  running_average: 186758.5306122449
  running_size: 245
counters:
  contextswitch: 40876
  worksteal: 0
cpu_usage:
  _data_pid00: 39.540335868646125
  _data_pid01: 41.06329071932392
  _data_pid02: 43.02441810652577
  _data_pid03: 42.25719722038385
  _data_pid04: 41.636337047038204
  _data_pid05: 46.2216867170566
  _data_pid06: 42.5397663907965
  average: 42.32614743853871
  size: 7
  standard: 1.9102949270439706
  std/ave: 4.513273809807252
  total: 296.28303206977097
runtime:
  _data_pid00: 13.55462651194996
  _data_pid01: 13.533010774559198
  _data_pid02: 14.733924446973761
  _data_pid03: 13.647184390744496
  _data_pid04: 14.326202029894919
  _data_pid05: 15.823144997657703
  _data_pid06: 14.38190684821996
  average: 14.285714285714283
  size: 7
  standard: 0.7638483529953852
  std/ave: 5.3469384709676975
  total: 99.99999999999999
time_response:
  average: 6209548.235294118
  size: 34
  standard: 5880626.218578141
  std/ave: 94.70296381874556
  total: 211124640
time_turnaround:
  average: 824088238.117647
  size: 34
  standard: 159923713.96277153
  std/ave: 19.406139605640238
  total: 28019000096
