_environment:
  LOGSIZE: 500
  NCPU: 8
  NPROC: 15000
  date: 2023/11/14 07:22
  forknum: ''
  policy: default
  workload: largewrite
balancing:
  _data_pid03: 100.0
  average: 100.0
  size: 1
  standard: 0.0
  std/ave: 0.0
  total(for debug): 100.0
clock:
  idle_average: 69351268.33898304
  idle_size: 177
  running_average: 9907770.566037735
  running_size: 53
cpu_usage:
  _data_pid00: 2.599805550988943
  _data_pid01: 6.5829797214022845
  _data_pid02: 4.741927133541328
  _data_pid03: 3.3205138325205
  _data_pid04: 2.454913988637285
  _data_pid05: 3.7832378098403106
  _data_pid06: 5.549215264732648
  _data_pid07: 3.765297942455827
  average: 4.10234448055397
  standard: 1.3441722031211416
  std/ave: 32.76595150633542
time_response:
  average: 6188704.0
  size: 1
  standard: 0.0
  std/ave: 0.0
time_turnaround:
  average: 20228411680.0
  size: 1
  standard: 0.0
  std/ave: 0.0
