_environment:
  LOGSIZE: 500
  NCPU: 7
  NPROC: 100
  date: 2023/12/05 00:26
  forknum: ''
  policy: default
  workload: largewrite
balancing:
  _data_pid04: 100.0
  average: 100.0
  size: 1
  standard: 0.0
  std/ave: 0.0
  total(for debug): 100.0
clock:
  idle_average: 6513720.049689441
  idle_size: 161
  running_average: 5347496.0
  running_size: 4
counters:
  contextswitch: 4447
  worksteal: 0
cpu_usage:
  _data_pid02: 0.1263342701002164
  _data_pid03: 0.14726953941378135
  _data_pid04: 11.950012046567386
  average: 1.998879146603599
  standard: 3.890646814471459
  std/ave: 194.64142297358308
runtime:
  _data_pid00: 12.77817758702583
  _data_pid01: 13.160706358727673
  _data_pid02: 16.495477969690533
  _data_pid03: 12.370754054913725
  _data_pid04: 27.16575677158844
  _data_pid05: 17.080990306578393
  _data_pid06: 0.9481369514754127
  average: 14.28571428571429
  standard: 7.208016069188792
  std/ave: 50.45611248432154
  total(for debug): 100.00000000000003
time_response:
  average: 4905616.0
  size: 2
  standard: 219344.0
  std/ave: 4.471283524841732
time_turnaround:
  average: 924175008.0
  size: 2
  standard: 916194432.0
  std/ave: 99.1364648545008
