_environment:
  LOGSIZE: 500
  NCPU: 7
  NPROC: 5000
  date: 2023/11/28 07:36
  forknum: ''
  policy: default
  workload: largewrite
balancing:
  _data_pid04: 100.0
  average: 100.0
  size: 1
  standard: 0.0
  std/ave: 0.0
  total(for debug): 100.0
clock:
  idle_average: 17825895.563636363
  idle_size: 165
  running_average: 6835916.0
  running_size: 16
counters:
  contextswitch: 3965
  worksteal: 0
cpu_usage:
  _data_pid00: 0.24187006149797166
  _data_pid01: 0.7188748324013846
  _data_pid02: 3.6673150482001637
  _data_pid03: 14.225220947326982
  _data_pid04: 0.2785873485334627
  _data_pid05: 1.984787261475375
  average: 3.5852932442972474
  standard: 4.568612566437554
  std/ave: 127.42646849610892
runtime:
  _data_pid00: 11.704009916816629
  _data_pid01: 10.23358070176915
  _data_pid02: 19.218700499958057
  _data_pid03: 33.34545879347871
  _data_pid04: 9.848172046163256
  _data_pid05: 15.46579819415703
  _data_pid06: 0.18427984765716654
  average: 14.285714285714286
  standard: 9.491560387231875
  std/ave: 66.44092271062311
  total(for debug): 100.0
time_response:
  average: 6220976.0
  size: 2
  standard: 434064.0
  std/ave: 6.977426050188909
time_turnaround:
  average: 2787624800.0
  size: 2
  standard: 2777227040.0
  std/ave: 99.62700288790658
