_environment:
  LOGSIZE: 500
  NCPU: 8
  NPROC: 5000
  date: 2023/11/14 07:23
  forknum: ''
  policy: default
  workload: largewrite
balancing:
  _data_pid03: 100.0
  average: 100.0
  size: 1
  standard: 0.0
  std/ave: 0.0
  total(for debug): 100.0
clock:
  idle_average: 26033817.793939393
  idle_size: 165
  running_average: 4857869.47368421
  running_size: 19
cpu_usage:
  _data_pid00: 1.2722240656365693
  _data_pid02: 0.015265906864056397
  _data_pid03: 5.393423201988369
  _data_pid04: 0.819218770116469
  _data_pid05: 7.630771518447764
  _data_pid06: 1.6975512672590591
  _data_pid07: 0.15472300101364683
  average: 2.1035108399295095
  standard: 2.5504392243357685
  std/ave: 121.24678304111978
time_response:
  average: 6586272.0
  size: 1
  standard: 0.0
  std/ave: 0.0
time_turnaround:
  average: 6809464128.0
  size: 1
  standard: 0.0
  std/ave: 0.0
