_environment:
  LOGSIZE: 500
  NCPU: 4
  NPROC: 100
  date: 2023/11/13 00:02
  forknum: ''
  policy: default
  workload: largewrite
balancing:
  _data_pid04: 39.93063596875229
  _data_pid05: 25.23031908584081
  _data_pid06: 16.170630998039957
  _data_pid07: 10.457136078898762
  _data_pid08: 5.885210436236493
  _data_pid09: 2.3260674322316803
  average: 16.666666666666664
  size: 6
  standard: 12.749152369217489
  std/ave: 76.49491421530495
  total(for debug): 99.99999999999999
clock:
  idle_average: 205639.6694214876
  idle_size: 242
  running_average: 28252.4016064257
  running_size: 249
cpu_usage:
  _data_pid01: 11.323191181513295
  _data_pid02: 14.87850276651623
  _data_pid03: 10.973068713075405
  average: 12.385372529069194
  standard: 1.5279503971529145
  std/ave: 12.33673346172451
time_response:
  average: 4189085.090909091
  size: 33
  standard: 1179152.8527687788
  std/ave: 28.148219173864668
time_turnaround:
  average: 1109893744.4848485
  size: 33
  standard: 32477569.289013997
  std/ave: 2.926187254446442
