_environment:
  LOGSIZE: 500
  NCPU: 8
  NPROC: 5000
  date: 2023/11/17 07:10
  forknum: ''
  policy: default
  workload: largewrite
balancing:
  _data_pid03: 100.0
  average: 100.0
  size: 1
  standard: 0.0
  std/ave: 0.0
  total(for debug): 100.0
clock:
  idle_average: 26032871.067484662
  idle_size: 163
  running_average: 6943714.666666667
  running_size: 12
cpu_usage:
  _data_pid00: 4.808216292545228
  _data_pid01: 1.0271244995863325
  _data_pid02: 5.228113098239806
  _data_pid04: 0.4365691419829125
  _data_pid05: 1.5881068983749627
  _data_pid06: 0.4245237941625864
  average: 1.9258305836978251
  standard: 1.7538090265101522
  std/ave: 91.06766926209205
runtime:
  _data_pid00: 29750816
  _data_pid01: 5727520
  _data_pid02: 32817152
  _data_pid04: 2631680
  _data_pid05: 9763296
  _data_pid06: 2634112
  standard: 12562530.775497675
time_response:
  average: 5292032.0
  size: 1
  standard: 0.0
  std/ave: 0.0
time_turnaround:
  average: 6825438816.0
  size: 1
  standard: 0.0
  std/ave: 0.0
