_environment:
  LOGSIZE: 500
  NCPU: 7
  NPROC: 100
  date: 2023/11/21 05:41
  forknum: ''
  policy: default
  workload: largewrite
balancing:
  _data_pid04: 100.0
  average: 100.0
  size: 1
  standard: 0.0
  std/ave: 0.0
  total(for debug): 100.0
clock:
  idle_average: 6935248.0
  idle_size: 4
  running_average: 15245497.6
  running_size: 5
cpu_usage:
  _data_pid00: 100.0
  _data_pid02: 67.21987735924186
  _data_pid03: 100.0
  _data_pid05: 100.0
  average: 73.31788249669515
  standard: 17.618950228323186
  std/ave: 24.03090436922721
runtime:
  _data_pid01: 8.036611091369569
  _data_pid02: 4.222681869252558
  _data_pid06: 87.74070703937788
  average: 33.333333333333336
  standard: 38.50331803208411
  std/ave: 115.50995409625233
  total(for debug): 100.0
time_response:
  average: 5458096.0
  size: 2
  standard: 51440.0
  std/ave: 0.9424531924685824
time_turnaround:
  average: 872743936.0
  size: 2
  standard: 863774848.0
  std/ave: 98.97231162199677
