_environment:
  LOGSIZE: 500
  NCPU: 7
  NPROC: 100
  date: 2023/11/20 05:32
  forknum: ''
  policy: default
  workload: largewrite
balancing:
  _data_pid04: 100.0
  average: 100.0
  size: 1
  standard: 0.0
  std/ave: 0.0
  total(for debug): 100.0
clock:
  idle_average: 6572329.739130435
  idle_size: 161
  running_average: 4337008.0
  running_size: 4
cpu_usage:
  _data_pid01: 0.2678706045284063
  _data_pid03: 0.24599489131956456
  _data_pid04: 11.480882630107141
  _data_pid05: 0.12764848329755424
  average: 1.6130304952578405
  standard: 3.8407422450571636
  std/ave: 238.1072308520259
runtime:
  _data_pid01: 441184
  _data_pid03: 395296
  _data_pid04: 16296064
  _data_pid05: 215488
  standard: 6905079.3922201935
time_response:
  average: 5253904.0
  size: 2
  standard: 313104.0
  std/ave: 5.9594541506658665
time_turnaround:
  average: 879310832.0
  size: 2
  standard: 870113328.0
  std/ave: 98.95400992853912
