_environment:
  LOGSIZE: 500
  NCPU: 7
  NPROC: 5000
  date: 2023/12/05 00:26
  forknum: ''
  policy: default
  workload: largewrite
balancing:
  _data_pid04: 100.0
  average: 100.0
  size: 1
  standard: 0.0
  std/ave: 0.0
  total(for debug): 100.0
clock:
  idle_average: 18776861.658536587
  idle_size: 164
  running_average: 7599889.454545454
  running_size: 11
counters:
  contextswitch: 3935
  worksteal: 0
cpu_usage:
  _data_pid01: 8.579077924417891
  _data_pid02: 0.34402950807952776
  _data_pid03: 7.720802082130872
  _data_pid04: 0.31088827398226543
  _data_pid05: 0.5468020632653103
  _data_pid06: 0.020566651558833138
  average: 2.643018518557113
  standard: 3.443757216399478
  std/ave: 130.29637107043456
runtime:
  _data_pid00: 5.229233138737812
  _data_pid01: 22.378859825498594
  _data_pid02: 19.6783297754879
  _data_pid03: 22.679002411025404
  _data_pid04: 12.036172706887017
  _data_pid05: 10.95439440256623
  _data_pid06: 7.0440077397970455
  average: 14.285714285714286
  standard: 6.7150884053814295
  std/ave: 47.005618837670006
  total(for debug): 100.0
time_response:
  average: 6491168.0
  size: 2
  standard: 670720.0
  std/ave: 10.33280913388777
time_turnaround:
  average: 2657072752.0
  size: 2
  standard: 2643427568.0
  std/ave: 99.48645802077759
