_environment:
  LOGSIZE: 500
  NCPU: 6
  NPROC: 5000
  date: 2023/11/13 02:03
  forknum: ''
  policy: default
  workload: largewrite
balancing:
  _data_pid03: 81.94645692161956
  _data_pid04: 4.171273818286238
  _data_pid05: 3.2301771456674073
  _data_pid06: 2.806209175135574
  _data_pid07: 2.4812605826960334
  _data_pid08: 2.2172089077832533
  _data_pid09: 1.702555690148562
  _data_pid10: 0.8818500780602765
  _data_pid11: 0.5005429562565394
  _data_pid12: 0.06246472434655462
  average: 9.999999999999998
  size: 10
  standard: 24.0123585920918
  std/ave: 240.12358592091806
  total(for debug): 100.00000000000001
clock:
  idle_average: 833900.0677966102
  idle_size: 236
  running_average: 210102.7469879518
  running_size: 249
cpu_usage:
  _data_pid00: 6.785730110344341
  _data_pid01: 56.04567474135171
  _data_pid02: 2.223018782585686
  _data_pid03: 19.816439794502568
  _data_pid04: 18.793102513814873
  _data_pid05: 5.763529539618328
  average: 21.000491337368935
  standard: 18.35418817058011
  std/ave: 87.39885117792501
time_response:
  average: 5964661.333333333
  size: 33
  standard: 2136235.662538715
  std/ave: 35.81486933047523
time_turnaround:
  average: 1478052172.6060605
  size: 33
  standard: 59304082.64169989
  std/ave: 4.0123132147044975
