_environment:
  LOGSIZE: 500
  NCPU: 7
  NPROC: 15000
  date: 2023/11/21 05:40
  forknum: ''
  policy: default
  workload: largewrite
balancing:
  _data_pid04: 100.0
  average: 100.0
  size: 1
  standard: 0.0
  std/ave: 0.0
  total(for debug): 100.0
clock:
  idle_average: 84899417.45454545
  idle_size: 44
  running_average: 29934483.636363637
  running_size: 44
cpu_usage:
  _data_pid00: 41.39703596525179
  _data_pid01: 44.85510528502537
  _data_pid02: 32.62502584984389
  _data_pid03: 42.24506179038244
  _data_pid04: 28.410930890631082
  _data_pid05: 40.81833593514098
  _data_pid06: 1.2770723827380368
  average: 26.067636257228415
  standard: 15.722205275028568
  std/ave: 60.31312206402637
runtime:
  _data_pid00: 16.43125323327608
  _data_pid01: 11.84805613181439
  _data_pid02: 22.896691742849434
  _data_pid03: 21.841321875102622
  _data_pid04: 11.768054113916971
  _data_pid05: 5.155147280335923
  _data_pid06: 10.059475622704582
  average: 14.285714285714288
  standard: 5.968352408208388
  std/ave: 41.77846685745871
  total(for debug): 100.00000000000001
time_response:
  average: 5869872.0
  size: 2
  standard: 557296.0
  std/ave: 9.49417636364132
time_turnaround:
  average: 8157791584.0
  size: 2
  standard: 8146332288.0
  std/ave: 99.85952943413662
