_environment:
  LOGSIZE: 500
  NCPU: 4
  NPROC: 15000
  date: 2023/11/13 00:02
  forknum: ''
  policy: default
  workload: largewrite
balancing:
  _data_pid03: 44.11862122340025
  _data_pid04: 10.679582995831927
  _data_pid05: 9.521638895903088
  _data_pid06: 8.15020807576647
  _data_pid07: 6.314746980523846
  _data_pid08: 6.5390556082075975
  _data_pid09: 5.218782896139203
  _data_pid10: 3.3787306886340454
  _data_pid11: 2.475265382685604
  _data_pid12: 1.906295398721703
  _data_pid13: 1.241567930424973
  _data_pid14: 0.45550392376130155
  average: 8.333333333333334
  size: 12
  standard: 11.243728127637073
  std/ave: 134.92473753164487
  total(for debug): 100.00000000000001
clock:
  idle_average: 471302.18487394956
  idle_size: 238
  running_average: 52197.723577235774
  running_size: 246
cpu_usage:
  _data_pid00: 7.644897178257342
  _data_pid01: 7.954067730634488
  _data_pid02: 2.8072426226820255
  _data_pid03: 17.871314144067483
  average: 10.271644251493633
  standard: 5.606764558751594
  std/ave: 54.58487873483641
time_response:
  average: 4478226.424242424
  size: 33
  standard: 1010538.5552227579
  std/ave: 22.565597615884496
time_turnaround:
  average: 1361126178.909091
  size: 33
  standard: 53352803.39610191
  std/ave: 3.919754407990511
