_environment:
  LOGSIZE: 500
  NCPU: 8
  NPROC: 100
  date: 2023/11/14 07:23
  forknum: ''
  policy: default
  workload: largewrite
balancing:
  _data_pid03: 100.0
  average: 100.0
  size: 1
  standard: 0.0
  std/ave: 0.0
  total(for debug): 100.0
clock:
  idle_average: 8155381.267080746
  idle_size: 161
  running_average: 3766180.5714285714
  running_size: 7
cpu_usage:
  _data_pid00: 7.621842333177175
  _data_pid05: 6.516546956561741
  _data_pid06: 0.1933161085389401
  _data_pid07: 100.0
  average: 1.9683189930029459
  standard: 34.75990833572471
  std/ave: 1765.9692590119046
time_response:
  average: 6446528.0
  size: 1
  standard: 0.0
  std/ave: 0.0
time_turnaround:
  average: 1874866784.0
  size: 1
  standard: 0.0
  std/ave: 0.0
