_environment:
  LOGSIZE: 500
  NCPU: 7
  NPROC: 15000
  date: 2023/12/05 00:26
  forknum: ''
  policy: default
  workload: largewrite
balancing:
  _data_pid04: 100.0
  average: 100.0
  size: 1
  standard: 0.0
  std/ave: 0.0
  total(for debug): 100.0
clock:
  idle_average: 43125615.63636363
  idle_size: 176
  running_average: 17585620.425531916
  running_size: 47
counters:
  contextswitch: 4523
  worksteal: 0
cpu_usage:
  _data_pid00: 5.940159292493877
  _data_pid01: 3.6273492703547374
  _data_pid02: 9.234050308645365
  _data_pid03: 28.579601227361398
  _data_pid04: 2.7627175684538847
  _data_pid05: 10.790589273211127
  _data_pid06: 6.038359396599283
  average: 9.820128879591506
  standard: 8.200318829656178
  std/ave: 83.50520578908423
runtime:
  _data_pid00: 21.5754671155801
  _data_pid01: 9.377546634567304
  _data_pid02: 13.3198636258899
  _data_pid03: 10.769962845699075
  _data_pid04: 11.928633700136439
  _data_pid05: 24.166966445957357
  _data_pid06: 8.86155963216983
  average: 14.285714285714288
  standard: 5.645989835324827
  std/ave: 39.521928847273784
  total(for debug): 100.00000000000001
time_response:
  average: 6003376.0
  size: 2
  standard: 1234640.0
  std/ave: 20.565761664769955
time_turnaround:
  average: 7561255488.0
  size: 2
  standard: 7541465088.0
  std/ave: 99.7382656883978
