_environment:
  LOGSIZE: 500
  NCPU: 6
  NPROC: 100
  date: 2023/11/13 02:08
  forknum: ''
  policy: multiple
  workload: largewrite
balancing:
  _data_pid03: 70.45015514587998
  _data_pid04: 8.970752591418236
  _data_pid05: 7.3365255178373125
  _data_pid06: 6.045226184482556
  _data_pid07: 4.565038081261449
  _data_pid08: 1.5152521432983763
  _data_pid09: 1.1170503358220947
  average: 14.285714285714288
  size: 7
  standard: 23.083327511594955
  std/ave: 161.58329258116467
  total(for debug): 100.00000000000001
clock:
  idle_average: 620499.8158995815
  idle_size: 239
  running_average: 204783.60975609755
  running_size: 246
cpu_usage:
  _data_pid00: 18.27123728973049
  _data_pid01: 97.77818629128622
  _data_pid02: 10.61038230867026
  _data_pid03: 8.49921286717685
  _data_pid04: 8.147227147344504
  _data_pid05: 9.302628479052423
  average: 25.356213735972755
  standard: 32.53358224416782
  std/ave: 128.30615242059014
time_response:
  average: 6672291.878787879
  size: 33
  standard: 2613838.5793044586
  std/ave: 39.17452393853162
time_turnaround:
  average: 1403143366.7878788
  size: 33
  standard: 92269253.06584212
  std/ave: 6.575896323200949
