_environment:
  LOGSIZE: 500
  NCPU: 7
  NPROC: 5000
  date: 2023/12/04 06:51
  forknum: ''
  policy: multiple
  workload: largewrite
balancing:
  _data_pid04: 100.0
  average: 100.0
  size: 1
  standard: 0.0
  std/ave: 0.0
  total(for debug): 100.0
clock:
  idle_average: 345215.80838323355
  idle_size: 167
  running_average: 1252170.6666666667
  running_size: 3
counters:
  contextswitch: 13443
  worksteal: 0
cpu_usage:
  _data_pid01: 6.1173453063232355
  average: 6.1173453063232355
  standard: 0.0
  std/ave: 0.0
runtime:
  _data_pid01: 100.0
  average: 100.0
  standard: 0.0
  std/ave: 0.0
  total(for debug): 100.0
time_response:
  average: 3220848.0
  size: 2
  standard: 69872.0
  std/ave: 2.1693665767524575
time_turnaround:
  average: 514576784.0
  size: 2
  standard: 508259952.0
  std/ave: 98.77242188213451
