_environment:
  LOGSIZE: 500
  NCPU: 8
  NPROC: 15000
  date: 2023/11/17 07:10
  forknum: ''
  policy: multiple
  workload: largewrite
balancing:
  _data_pid03: 100.0
  average: 100.0
  size: 1
  standard: 0.0
  std/ave: 0.0
  total(for debug): 100.0
clock:
  idle_average: 26168924.16766467
  idle_size: 167
  running_average: 4853990.956521739
  running_size: 23
cpu_usage:
  _data_pid00: 0.747328579799983
  _data_pid01: 1.5399848663871674
  _data_pid02: 10.378745199588403
  _data_pid03: 0.7485059976632542
  _data_pid04: 3.361411180492505
  _data_pid05: 1.3062842083530999
  _data_pid06: 1.1504473154499415
  average: 2.4909744634930533
  standard: 3.0239868103776053
  std/ave: 121.39774432440858
runtime:
  _data_pid00: 4614368
  _data_pid01: 7492736
  _data_pid02: 60485600
  _data_pid03: 4596000
  _data_pid04: 20318144
  _data_pid05: 7750560
  _data_pid06: 6384384
  standard: 18861023.10782911
time_response:
  average: 8692672.0
  size: 1
  standard: 0.0
  std/ave: 0.0
time_turnaround:
  average: 6506023104.0
  size: 1
  standard: 0.0
  std/ave: 0.0
