_environment:
  LOGSIZE: 500
  NCPU: 8
  NPROC: 5000
  date: 2023/11/17 07:10
  forknum: ''
  policy: multiple
  workload: largewrite
balancing:
  _data_pid03: 100.0
  average: 100.0
  size: 1
  standard: 0.0
  std/ave: 0.0
  total(for debug): 100.0
clock:
  idle_average: 23716899.490909092
  idle_size: 165
  running_average: 4618947.764705882
  running_size: 17
cpu_usage:
  _data_pid00: 0.4951425591776865
  _data_pid01: 0.294130548915905
  _data_pid02: 5.894246557674354
  _data_pid03: 6.300975660814111
  _data_pid04: 1.1503320355644973
  _data_pid05: 0.641123200293008
  _data_pid06: 0.5794289849130374
  _data_pid07: 0.13661887854922367
  average: 1.9670801369257775
  standard: 2.4205384334385553
  std/ave: 123.05235501088727
runtime:
  _data_pid00: 2469792
  _data_pid01: 1497664
  _data_pid02: 30651840
  _data_pid03: 32228192
  _data_pid04: 4802496
  _data_pid05: 3289184
  _data_pid06: 2861728
  _data_pid07: 721216
  standard: 12541987.505562903
time_response:
  average: 9036960.0
  size: 1
  standard: 0.0
  std/ave: 0.0
time_turnaround:
  average: 5465180640.0
  size: 1
  standard: 0.0
  std/ave: 0.0
