_environment:
  LOGSIZE: 500
  NCPU: 7
  NPROC: 15000
  date: 2023/12/05 00:25
  forknum: ''
  policy: multiple
  workload: largewrite
balancing:
  _data_pid04: 100.0
  average: 100.0
  size: 1
  standard: 0.0
  std/ave: 0.0
  total(for debug): 100.0
clock:
  idle_average: 664246.3614457832
  idle_size: 166
  running_average: 553216.0
  running_size: 1
counters:
  contextswitch: 11289
  worksteal: 0
cpu_usage:
  _data_pid01: 0.4992108149252714
  average: 0.4992108149252714
  standard: 0.0
  std/ave: 0.0
runtime:
  _data_pid01: 100.0
  average: 100.0
  standard: 0.0
  std/ave: 0.0
  total(for debug): 100.0
time_response:
  average: 2906128.0
  size: 2
  standard: 79696.0
  std/ave: 2.7423430764233374
time_turnaround:
  average: 702640480.0
  size: 2
  standard: 696337120.0
  std/ave: 99.10290394883027
