_environment:
  LOGSIZE: 500
  NCPU: 7
  NPROC: 100
  date: 2023/12/05 00:25
  forknum: ''
  policy: multiple
  workload: largewrite
balancing:
  _data_pid04: 100.0
  average: 100.0
  size: 1
  standard: 0.0
  std/ave: 0.0
  total(for debug): 100.0
clock:
  idle_average: 130088.67469879518
  idle_size: 166
  running_average: 4764064.0
  running_size: 1
counters:
  contextswitch: 15799
  worksteal: 0
cpu_usage:
  _data_pid01: 18.073914183598152
  average: 18.073914183598152
  standard: 0.0
  std/ave: 0.0
runtime:
  _data_pid01: 100.0
  average: 100.0
  standard: 0.0
  std/ave: 0.0
  total(for debug): 100.0
time_response:
  average: 2919552.0
  size: 2
  standard: 83264.0
  std/ave: 2.8519444079091585
time_turnaround:
  average: 251923872.0
  size: 2
  standard: 246152544.0
  std/ave: 97.7090984057279
