_environment:
  LOGSIZE: 500
  NCPU: 8
  NPROC: 100
  date: 2023/11/14 06:53
  forknum: ''
  policy: multiple
  workload: largewrite
balancing:
  _data_pid03: 100.0
  average: 100.0
  size: 1
  standard: 0.0
  std/ave: 0.0
  total(for debug): 100.0
clock:
  idle_average: 1124695.9520958085
  idle_size: 167
  running_average: 8539867.42857143
  running_size: 7
cpu_usage:
  _data_pid07: 24.143084104987036
  average: 24.143084104987036
  standard: 0.0
  std/ave: 0.0
time_response:
  average: 9853088.0
  size: 1
  standard: 0.0
  std/ave: 0.0
time_turnaround:
  average: 5625384736.0
  size: 1
  standard: 0.0
  std/ave: 0.0
