_environment:
  LOGSIZE: 500
  NCPU: 7
  NPROC: 100
  date: 2023/11/21 05:42
  forknum: ''
  policy: multiple
  workload: largewrite
balancing:
  _data_pid04: 100.0
  average: 100.0
  size: 1
  standard: 0.0
  std/ave: 0.0
  total(for debug): 100.0
clock:
  idle_average: 24930292.57142857
  idle_size: 14
  running_average: 10693269.333333334
  running_size: 15
cpu_usage:
  _data_pid00: 45.963130450639156
  _data_pid01: 33.80100990834529
  _data_pid02: 17.531001936888497
  _data_pid03: 12.459754002433769
  _data_pid04: 96.19614712697566
  _data_pid05: 21.765846455334593
  _data_pid06: 65.78999425793117
  average: 31.486406616600938
  standard: 29.83352783764112
  std/ave: 94.75050043313502
runtime:
  _data_pid00: 24.57444936851236
  _data_pid01: 3.2741599056773056
  _data_pid02: 22.84576891465004
  _data_pid03: 9.795607902589234
  _data_pid04: 2.121078968997629
  _data_pid05: 35.38015739705776
  _data_pid06: 2.0087775425156744
  average: 14.285714285714286
  standard: 12.33013178248179
  std/ave: 86.31092247737251
  total(for debug): 100.0
time_response:
  average: 8100512.0
  size: 2
  standard: 111456.0
  std/ave: 1.3759130287073211
time_turnaround:
  average: 2207724512.0
  size: 2
  standard: 2195274816.0
  std/ave: 99.43608471381596
