_environment:
  LOGSIZE: 500
  NCPU: 7
  NPROC: 15000
  date: 2023/11/21 05:46
  forknum: ''
  policy: multiple
  workload: largewrite
balancing:
  _data_pid04: 100.0
  average: 100.0
  size: 1
  standard: 0.0
  std/ave: 0.0
  total(for debug): 100.0
clock:
  idle_average: 37621403.2
  idle_size: 20
  running_average: 21051919.157894738
  running_size: 19
cpu_usage:
  _data_pid00: 69.19536306455771
  _data_pid01: 74.2520405977337
  _data_pid02: 39.150365797533844
  _data_pid03: 12.512301771752457
  _data_pid04: 39.260638370280965
  _data_pid05: 5.707995659253635
  average: 34.70855792612847
  standard: 24.28163398555026
  std/ave: 69.9586368215867
runtime:
  _data_pid00: 3.190273173027726
  _data_pid01: 3.4585390082925866
  _data_pid02: 33.53693746334932
  _data_pid03: 13.472261803053822
  _data_pid04: 17.3368926676497
  _data_pid05: 26.413165270713453
  _data_pid06: 2.5919306139134006
  average: 14.285714285714286
  standard: 11.368736393062397
  std/ave: 79.58115475143678
  total(for debug): 100.0
time_response:
  average: 7434944.0
  size: 2
  standard: 110016.0
  std/ave: 1.4797152473508879
time_turnaround:
  average: 2612164800.0
  size: 2
  standard: 2599296448.0
  std/ave: 99.50736829468033
