_environment:
  LOGSIZE: 500
  NCPU: 8
  NPROC: 15000
  date: 2023/11/16 00:14
  forknum: ''
  policy: multiple
  workload: largewrite
balancing:
  _data_pid03: 100.0
  average: 100.0
  size: 1
  standard: 0.0
  std/ave: 0.0
  total(for debug): 100.0
clock:
  idle_average: 1264989.5384615385
  idle_size: 169
  running_average: 8432992.0
  running_size: 13
cpu_usage:
  _data_pid07: 33.96101866511178
  average: 33.897583457352596
  standard: 0.022427732786248326
  std/ave: 0.06616322020260006
time_response:
  average: 8634400.0
  size: 1
  standard: 0.0
  std/ave: 0.0
time_turnaround:
  average: 7180578912.0
  size: 1
  standard: 0.0
  std/ave: 0.0
