_environment:
  LOGSIZE: 500
  NCPU: 7
  NPROC: 15000
  date: 2023/11/28 07:37
  forknum: ''
  policy: multiple
  workload: largewrite
balancing:
  _data_pid04: 100.0
  average: 100.0
  size: 1
  standard: 0.0
  std/ave: 0.0
  total(for debug): 100.0
clock:
  idle_average: 17291743.607361965
  idle_size: 163
  running_average: 8116942.222222222
  running_size: 9
counters:
  contextswitch: 4629
  worksteal: 2313
cpu_usage:
  _data_pid01: 6.963546724561179
  _data_pid03: 0.21661042371153
  _data_pid04: 3.2003467848025946
  _data_pid05: 4.364039382099251
  average: 2.526362949123183
  standard: 2.030301366396078
  std/ave: 80.3645955582403
runtime:
  _data_pid00: 22.721706460994756
  _data_pid01: 19.32940188580013
  _data_pid02: 12.105278705406732
  _data_pid03: 10.411349005319652
  _data_pid04: 16.165320652594094
  _data_pid05: 18.54336914867619
  _data_pid06: 0.7235741412084402
  average: 14.285714285714286
  standard: 6.781929187819505
  std/ave: 47.47350431473653
  total(for debug): 100.0
time_response:
  average: 7256736.0
  size: 2
  standard: 228384.0
  std/ave: 3.147200063499623
time_turnaround:
  average: 2630803504.0
  size: 2
  standard: 2617147312.0
  std/ave: 99.48091174505292
