_environment:
  LOGSIZE: 500
  NCPU: 8
  NPROC: 5000
  date: 2023/11/14 06:52
  forknum: ''
  policy: multiple
  workload: largewrite
balancing:
  _data_pid03: 100.0
  average: 100.0
  size: 1
  standard: 0.0
  std/ave: 0.0
  total(for debug): 100.0
clock:
  idle_average: 1142864.3764705881
  idle_size: 170
  running_average: 6290260.0
  running_size: 16
cpu_usage:
  _data_pid07: 34.12463407047091
  average: 34.12463407047091
  standard: 0.0
  std/ave: 0.0
time_response:
  average: 9205312.0
  size: 1
  standard: 0.0
  std/ave: 0.0
time_turnaround:
  average: 6232794880.0
  size: 1
  standard: 0.0
  std/ave: 0.0
