_environment:
  LOGSIZE: 500
  NCPU: 4
  NPROC: 15000
  date: 2023/11/13 00:02
  forknum: ''
  policy: multiple
  workload: largewrite
balancing:
  _data_pid03: 45.44566861460764
  _data_pid04: 18.809579019250368
  _data_pid05: 18.805537059452973
  _data_pid06: 11.907400828389024
  _data_pid08: 3.56309392876365
  _data_pid09: 1.4687205495363447
  average: 16.666666666666668
  size: 6
  standard: 14.507064882461536
  std/ave: 87.04238929476922
  total(for debug): 100.0
clock:
  idle_average: 284386.2479338843
  idle_size: 242
  running_average: 73188.3870967742
  running_size: 248
cpu_usage:
  _data_pid01: 14.965871721099534
  _data_pid02: 26.866627894580738
  _data_pid03: 25.277413377847537
  average: 20.86956713704537
  standard: 4.74993330943668
  std/ave: 22.760095014165955
time_response:
  average: 8879950.545454545
  size: 33
  standard: 9063399.545521153
  std/ave: 102.06587862316994
time_turnaround:
  average: 1310503856.4848485
  size: 33
  standard: 50352206.54622162
  std/ave: 3.84220208868983
