_environment:
  LOGSIZE: 500
  NCPU: 7
  NPROC: '15000'
  date: 2023/12/11 04:52
  forknum: '32'
  policy: default
  workload: calculation
balancing:
  _data_pid05: 3.366428041715201
  _data_pid06: 3.282278388200473
  _data_pid07: 3.2902466896677236
  _data_pid08: 3.300458457301716
  _data_pid09: 3.299821904320678
  _data_pid10: 3.158942417210259
  _data_pid11: 3.3008092447935433
  _data_pid12: 3.2999912928497896
  _data_pid13: 3.300154054932775
  _data_pid14: 3.297248772459138
  _data_pid15: 3.3009541983025628
  _data_pid16: 3.30124948930808
  _data_pid17: 3.300677130023894
  _data_pid18: 3.3135067580307807
  _data_pid19: 3.2877108315656463
  _data_pid20: 3.2918320669035155
  _data_pid21: 3.305800201185531
  _data_pid22: 3.287048186952985
  _data_pid23: 3.294074704764491
  _data_pid24: 3.2948437866680607
  _data_pid25: 2.887214639966462
  _data_pid26: 2.885338941559748
  _data_pid27: 3.1591221595614436
  _data_pid28: 2.889522299830055
  _data_pid29: 2.9029996629458177
  _data_pid30: 2.4647588200565695
  _data_pid31: 2.4783761668467568
  _data_pid32: 2.8864600534137943
  _data_pid33: 2.892116967641506
  _data_pid34: 2.8878859817896645
  _data_pid35: 2.9048761896582977
  _data_pid36: 2.8872514995730416
  average: 3.125
  size: 32
  standard: 0.24622630799882722
  std/ave: 7.879241855962471
  total: 100.00000000000001
clock:
  idle_average: 155105.43089430896
  idle_size: 246
  running_average: 31281843.303643726
  running_size: 247
counters:
  contextswitch: 4993
  worksteal: 0
cpu_usage:
  _data_pid00: 99.55753533653841
  _data_pid01: 99.74289984981978
  _data_pid02: 99.0977374659501
  _data_pid03: 99.7651743715697
  _data_pid04: 98.89975066619755
  _data_pid05: 99.78685158270515
  _data_pid06: 99.72809664535976
  average: 99.5111494168772
  size: 7
  standard: 0.33555588250987967
  std/ave: 0.33720430773455523
  total: 696.5780459181404
runtime:
  _data_pid00: 14.443362704724466
  _data_pid01: 14.045469049841511
  _data_pid02: 14.375304961475333
  _data_pid03: 14.318796285519117
  _data_pid04: 14.34345039248606
  _data_pid05: 14.157151587012311
  _data_pid06: 14.3164650189412
  average: 14.285714285714286
  size: 7
  standard: 0.12677265274445973
  std/ave: 0.887408569211218
  total: 100.0
time_response:
  average: 6502817.882352941
  size: 34
  standard: 1954242.8657383306
  std/ave: 30.052246596689542
  total: 221095808
time_turnaround:
  average: 3300976587.2941175
  size: 34
  standard: 582747562.6121484
  std/ave: 17.653792664123053
  total: 112233203968
