_environment:
  LOGSIZE: 500
  NCPU: 7
  NPROC: 15000
  date: 2023/12/05 05:39
  forknum: 32
  policy: default
  workload: calculation
balancing:
  _data_pid05: 3.2705989679515075
  _data_pid06: 2.8801423032877445
  _data_pid07: 3.3029633292080427
  _data_pid08: 2.9004114128063865
  _data_pid09: 2.8983382848330637
  _data_pid10: 2.898403420132606
  _data_pid11: 2.8981789730176235
  _data_pid12: 2.898914130665958
  _data_pid13: 3.062662614216615
  _data_pid14: 3.3118914288650174
  _data_pid15: 2.8971832741711205
  _data_pid16: 2.8975865322039542
  _data_pid17: 3.060335168162914
  _data_pid18: 3.312155289059341
  _data_pid19: 3.3096448833425955
  _data_pid20: 3.311536711150951
  _data_pid21: 3.061045848214606
  _data_pid22: 3.3115952084581832
  _data_pid23: 2.8981735796488715
  _data_pid24: 2.898774317952928
  _data_pid25: 2.957140939711364
  _data_pid26: 3.021316634490105
  _data_pid27: 3.306269464252951
  _data_pid28: 3.3103339899192794
  _data_pid29: 3.3055579544522207
  _data_pid30: 3.372166888287103
  _data_pid31: 3.304922366688537
  _data_pid32: 3.3117578392697786
  _data_pid33: 3.3095930240276736
  _data_pid34: 3.312876755848536
  _data_pid35: 3.3127215927782894
  _data_pid36: 2.894806872924134
  average: 3.125
  size: 32
  standard: 0.19245889346068842
  std/ave: 6.15868459074203
  total(for debug): 99.99999999999999
clock:
  idle_average: 94748.89068825911
  idle_size: 247
  running_average: 31354372.162601627
  running_size: 246
counters:
  contextswitch: 5331
  worksteal: 0
cpu_usage:
  _data_pid00: 99.77083196257155
  _data_pid01: 99.79715452217123
  _data_pid02: 99.61476388760067
  _data_pid03: 99.67873692093048
  _data_pid04: 99.7385443181423
  _data_pid05: 99.66216460790275
  _data_pid06: 99.62092995456071
  average: 99.6975022496663
  standard: 0.06687099843084238
  std/ave: 0.06707389545565691
runtime:
  _data_pid00: 14.192412562373894
  _data_pid01: 14.238683517519918
  _data_pid02: 14.115837927709077
  _data_pid03: 14.223581255265588
  _data_pid04: 14.483198942753688
  _data_pid05: 14.22146456546773
  _data_pid06: 14.524821228910104
  average: 14.285714285714283
  standard: 0.14339552783386614
  std/ave: 1.003768694837063
  total(for debug): 99.99999999999999
time_response:
  average: 7424338.823529412
  size: 34
  standard: 2502487.64042249
  std/ave: 33.706538722229915
time_turnaround:
  average: 3283374801.882353
  size: 34
  standard: 579415220.1887695
  std/ave: 17.64694118553239
