_environment:
  LOGSIZE: 500
  NCPU: 8
  NPROC: 15000
  date: 2023/12/07 01:25
  forknum: 32
  policy: multiple
  workload: yieldrepeat
balancing:
  _data_pid04: 0.8547826146372127
  _data_pid05: 2.1398263103592
  _data_pid06: 3.6978401536012244
  _data_pid07: 2.722322056944511
  _data_pid08: 2.7662569267456085
  _data_pid09: 2.6362288439594677
  _data_pid10: 2.6313775597357076
  _data_pid11: 3.7551673009777726
  _data_pid12: 2.7408389305309764
  _data_pid13: 3.741570039561881
  _data_pid14: 2.7847054723852604
  _data_pid15: 3.2941586438269117
  _data_pid16: 3.137004366155802
  _data_pid17: 3.4406537617951116
  _data_pid18: 2.6985439314534037
  _data_pid19: 3.369934336843112
  _data_pid20: 2.8725068840406416
  _data_pid21: 2.650509384843495
  _data_pid22: 3.3596851448210834
  _data_pid23: 2.319118842797893
  _data_pid24: 4.0122170368902585
  _data_pid25: 3.125115303410248
  _data_pid26: 3.7863931726715547
  _data_pid27: 2.9251194030870566
  _data_pid28: 2.8322617233674743
  _data_pid29: 4.079656720395209
  _data_pid30: 2.467048847649177
  _data_pid31: 3.7324140946888686
  _data_pid32: 2.7081098440072977
  _data_pid33: 3.7768272601176607
  _data_pid34: 2.533941907579619
  _data_pid35: 3.569793581272676
  _data_pid36: 2.8380695988466242
  average: 3.0303030303030303
  size: 33
  standard: 0.6425813845094385
  std/ave: 21.205185688811472
  total: 99.99999999999999
clock:
  idle_average: 273839.34426229505
  idle_size: 244
  running_average: 192019.04453441297
  running_size: 247
counters:
  contextswitch: 40237
  worksteal: 0
cpu_usage:
  _data_pid00: 42.0873786407767
  _data_pid01: 41.86999182658277
  _data_pid02: 38.75283886872295
  _data_pid03: 41.37980730841365
  _data_pid04: 42.81715632216779
  _data_pid05: 41.31738643728274
  _data_pid06: 41.385957237381746
  average: 41.37293094876119
  size: 7
  standard: 1.1778598400264708
  std/ave: 2.8469335215462634
  total: 289.61051664132833
runtime:
  _data_pid00: 13.39391744617466
  _data_pid01: 15.485777537870765
  _data_pid02: 13.64119628569281
  _data_pid03: 14.517638859469912
  _data_pid04: 14.936079205755945
  _data_pid05: 13.545947127834756
  _data_pid06: 14.479443537201151
  average: 14.285714285714286
  size: 7
  standard: 0.7282471001788449
  std/ave: 5.097729701251914
  total: 100.0
time_response:
  average: 5707809.882352941
  size: 34
  standard: 4687284.699661438
  std/ave: 82.12054704473076
  total: 194065536
time_turnaround:
  average: 854618156.2352941
  size: 34
  standard: 166574097.6166383
  std/ave: 19.491055321176326
  total: 29057017312
