_environment:
  LOGSIZE: 500
  NCPU: 7
  NPROC: '5000'
  date: 2023/12/07 02:59
  forknum: '32'
  policy: multiple
  workload: yieldrepeat
balancing:
  _data_pid04: 0.35905985336055896
  _data_pid05: 2.6779073006682923
  _data_pid06: 3.7461121593562337
  _data_pid07: 2.962872019322173
  _data_pid08: 2.8369390093652807
  _data_pid09: 2.688246156673875
  _data_pid10: 2.9768725534964
  _data_pid11: 2.6984414174571585
  _data_pid12: 2.294651652350223
  _data_pid13: 3.2744736517126602
  _data_pid14: 3.890066369711747
  _data_pid15: 3.436879848133693
  _data_pid16: 3.7924934161590573
  _data_pid17: 3.527129445349094
  _data_pid18: 2.747191995427928
  _data_pid19: 3.4500906085852714
  _data_pid20: 2.676040562778395
  _data_pid21: 2.862857946990388
  _data_pid22: 3.005448002734053
  _data_pid23: 3.6816379045436403
  _data_pid24: 3.5665463338703796
  _data_pid25: 4.006665690219155
  _data_pid26: 2.8528062814294044
  _data_pid27: 2.832487557473988
  _data_pid28: 2.956912817596733
  _data_pid29: 3.2044709808415255
  _data_pid30: 2.879156004721411
  _data_pid31: 3.6863047492683823
  _data_pid32: 2.5928989290668323
  _data_pid33: 3.0883024460010167
  _data_pid34: 3.120036990129264
  _data_pid35: 3.0180843822964323
  _data_pid36: 2.609914962909354
  average: 3.0303030303030307
  size: 33
  standard: 0.637035413227874
  std/ave: 21.02216863651984
  total: 100.00000000000001
clock:
  idle_average: 257829.20325203252
  idle_size: 246
  running_average: 187237.8775510204
  running_size: 245
counters:
  contextswitch: 40728
  worksteal: 0
cpu_usage:
  _data_pid00: 42.88169743821703
  _data_pid01: 43.839574829689376
  _data_pid02: 40.313536340319864
  _data_pid03: 41.30566272150657
  _data_pid04: 40.38375899918358
  _data_pid05: 43.019484513256195
  _data_pid06: 41.61238878288711
  average: 41.90801480357997
  size: 7
  standard: 1.2666201947878315
  std/ave: 3.022381758535676
  total: 293.35610362505975
runtime:
  _data_pid00: 13.813357801959214
  _data_pid01: 14.650230757522237
  _data_pid02: 14.17406900037622
  _data_pid03: 14.51316911783711
  _data_pid04: 14.0636442744277
  _data_pid05: 14.097963532557344
  _data_pid06: 14.687565515320175
  average: 14.285714285714286
  size: 7
  standard: 0.3085086528813372
  std/ave: 2.15956057016936
  total: 100.0
time_response:
  average: 6355851.294117647
  size: 34
  standard: 6593584.237058429
  std/ave: 103.74037924960271
  total: 216098944
time_turnaround:
  average: 819934544.9411764
  size: 34
  standard: 159037292.45445955
  std/ave: 19.39634004149309
  total: 27877774528
