_environment:
  LOGSIZE: 500
  NCPU: 7
  NPROC: '5000'
  date: 2023/12/11 07:07
  forknum: '32'
  policy: multiple
  workload: yieldrepeat
balancing:
  _data_pid05: 2.682425134664731
  _data_pid06: 2.6447258893375802
  _data_pid07: 3.0870040794986275
  _data_pid08: 2.819325678827196
  _data_pid09: 2.802127118002766
  _data_pid10: 3.7312621679817832
  _data_pid11: 2.7388364141688624
  _data_pid12: 3.2671762026953584
  _data_pid13: 2.881309292038442
  _data_pid14: 3.36280020087919
  _data_pid15: 2.6053755821712836
  _data_pid16: 4.33534441837907
  _data_pid17: 3.6738189748281864
  _data_pid18: 2.62511952999773
  _data_pid19: 2.9133674094151805
  _data_pid20: 2.887982333638321
  _data_pid21: 2.810726398414981
  _data_pid22: 4.53938814400011
  _data_pid23: 2.964894297645173
  _data_pid24: 3.7060146806915197
  _data_pid25: 2.897544733456704
  _data_pid26: 2.4225892777292395
  _data_pid27: 2.6470648936097025
  _data_pid28: 4.81828000632907
  _data_pid29: 2.736703792626633
  _data_pid30: 2.8460178452267115
  _data_pid31: 3.759949367436933
  _data_pid32: 2.8498703228513835
  _data_pid33: 3.6324048403629585
  _data_pid34: 2.91790782947283
  _data_pid35: 2.911991524549226
  _data_pid36: 2.480651619072516
  average: 3.125
  size: 32
  standard: 0.5925858278985608
  std/ave: 18.962746492753947
  total: 100.0
clock:
  idle_average: 248512.65040650408
  idle_size: 246
  running_average: 188321.94331983806
  running_size: 247
counters:
  contextswitch: 40492
  worksteal: 683
cpu_usage:
  _data_pid00: 41.39015959098342
  _data_pid01: 44.24096765951613
  _data_pid02: 42.18157290577293
  _data_pid03: 44.819762832515224
  _data_pid04: 43.592972444939036
  _data_pid05: 41.62207375343726
  _data_pid06: 44.64461632193641
  average: 43.21316078701435
  size: 7
  standard: 1.3496001423488087
  std/ave: 3.1231229509005654
  total: 302.49212550910045
runtime:
  _data_pid00: 13.75609688981226
  _data_pid01: 14.651797937548587
  _data_pid02: 14.068078783167426
  _data_pid03: 14.623179532336733
  _data_pid04: 14.336789097488323
  _data_pid05: 13.693012568708252
  _data_pid06: 14.871045190938423
  average: 14.285714285714286
  size: 7
  standard: 0.42632584137677665
  std/ave: 2.9842808896374367
  total: 100.0
time_response:
  average: 5588686.117647059
  size: 34
  standard: 3565180.9811260365
  std/ave: 63.79282904918347
  total: 190015328
time_turnaround:
  average: 810050627.7647059
  size: 34
  standard: 177006824.4858021
  std/ave: 21.851328598342498
  total: 27541721344
