_environment:
  LOGSIZE: 500
  NCPU: 7
  NPROC: 5000
  date: 2023/12/05 05:07
  forknum: 32
  policy: multiple
  workload: yieldrepeat
balancing:
  _data_pid04: 0.3627551440175319
  _data_pid05: 2.212500399472628
  _data_pid06: 2.8029719403626463
  _data_pid07: 3.3994270712570773
  _data_pid08: 2.898233413046538
  _data_pid09: 2.553089062337449
  _data_pid10: 2.4642871470446845
  _data_pid11: 2.888170102584571
  _data_pid12: 2.695131329601296
  _data_pid13: 2.624484170344648
  _data_pid14: 3.6947308370430454
  _data_pid15: 3.5811106223001596
  _data_pid16: 3.7421915850325935
  _data_pid17: 4.102158920070797
  _data_pid18: 2.2611850635994424
  _data_pid19: 3.8600275109149518
  _data_pid20: 3.009609781537769
  _data_pid21: 2.6480785536575033
  _data_pid22: 3.685823447377386
  _data_pid23: 3.375220729875589
  _data_pid24: 2.712402146204942
  _data_pid25: 3.1737505346133683
  _data_pid26: 3.3398631525767852
  _data_pid27: 3.6796358713500954
  _data_pid28: 2.5051523469611863
  _data_pid29: 2.75449126225871
  _data_pid30: 3.73532405559571
  _data_pid31: 3.7690497447114923
  _data_pid32: 3.9578048112143356
  _data_pid33: 2.862943831088694
  _data_pid34: 2.8265663236755016
  _data_pid35: 3.2567048505836382
  _data_pid36: 2.565124237687234
  average: 3.0303030303030303
  size: 33
  standard: 0.705867291415855
  std/ave: 23.293620616723214
  total(for debug): 100.0
clock:
  idle_average: 256468.32786885247
  idle_size: 244
  running_average: 189843.43319838058
  running_size: 247
counters:
  contextswitch: 40534
  worksteal: 0
cpu_usage:
  _data_pid00: 39.864642773291955
  _data_pid01: 44.08436754201183
  _data_pid02: 45.130089930890044
  _data_pid03: 41.208974672204576
  _data_pid04: 40.26290914235683
  _data_pid05: 44.43756861551872
  _data_pid06: 44.86981938979684
  average: 42.835022691231174
  standard: 2.1253471770194485
  std/ave: 4.961704333250025
runtime:
  _data_pid00: 13.276974261723588
  _data_pid01: 14.919877689980682
  _data_pid02: 15.003511959360544
  _data_pid03: 13.762393000831583
  _data_pid04: 13.35163314609683
  _data_pid05: 14.6969889623163
  _data_pid06: 14.988620979690474
  average: 14.285714285714286
  standard: 0.7313930526501595
  std/ave: 5.119751368551116
  total(for debug): 100.0
time_response:
  average: 5791195.294117647
  size: 34
  standard: 5758239.0667272145
  std/ave: 99.43092529751316
time_turnaround:
  average: 821534790.5882353
  size: 34
  standard: 159487466.4165983
  std/ave: 19.413355130389803
