_environment:
  LOGSIZE: 500
  NCPU: 7
  NPROC: 5000
  date: 2023/12/05 05:08
  forknum: 32
  policy: multiple
  workload: yieldrepeat
balancing:
  _data_pid04: 0.3387491548625081
  _data_pid05: 3.0239609494416886
  _data_pid06: 2.662304577139708
  _data_pid07: 3.508622137812597
  _data_pid08: 2.556306634624329
  _data_pid09: 2.818281903159391
  _data_pid10: 2.7307485662164357
  _data_pid11: 3.1209348366021237
  _data_pid12: 3.8566730112717393
  _data_pid13: 3.5395121734506736
  _data_pid14: 2.6412021707712237
  _data_pid15: 3.649397401349721
  _data_pid16: 2.757404237418731
  _data_pid17: 3.5266702485224846
  _data_pid18: 2.5997609319489046
  _data_pid19: 3.411717666462584
  _data_pid20: 3.482521793093682
  _data_pid21: 2.803635167160213
  _data_pid22: 3.3496599319447395
  _data_pid23: 3.266499791058411
  _data_pid24: 2.990433113007551
  _data_pid25: 2.899914896216422
  _data_pid26: 3.5742894944724193
  _data_pid27: 2.8130063015672704
  _data_pid28: 2.730470902974745
  _data_pid29: 3.508760969433442
  _data_pid30: 3.786146547882332
  _data_pid31: 2.870968503270179
  _data_pid32: 3.1841726398971537
  _data_pid33: 2.9255987460728003
  _data_pid34: 3.381452373118311
  _data_pid35: 3.373400139109284
  _data_pid36: 2.316822088666203
  average: 3.0303030303030303
  size: 33
  standard: 0.6174349372167627
  std/ave: 20.375352928153166
  total(for debug): 100.0
clock:
  idle_average: 267553.04918032786
  idle_size: 244
  running_average: 187773.66801619434
  running_size: 247
counters:
  contextswitch: 40587
  worksteal: 0
cpu_usage:
  _data_pid00: 41.40796895627475
  _data_pid01: 39.15865929934861
  _data_pid02: 43.41398172396947
  _data_pid03: 43.02567942206123
  _data_pid04: 40.93038181571751
  _data_pid05: 42.015573296495006
  _data_pid06: 40.79521390927763
  average: 41.53576331076066
  standard: 1.3394896201553428
  std/ave: 3.2249067150484305
runtime:
  _data_pid00: 14.370113994643877
  _data_pid01: 13.75897719968291
  _data_pid02: 15.051569005562984
  _data_pid03: 14.759189612062801
  _data_pid04: 14.254606086100594
  _data_pid05: 13.576830113133889
  _data_pid06: 14.228713988812949
  average: 14.285714285714286
  standard: 0.4783933123798906
  std/ave: 3.348753186659234
  total(for debug): 100.0
time_response:
  average: 6065526.588235294
  size: 34
  standard: 5706718.9380594585
  std/ave: 94.08447650906716
time_turnaround:
  average: 833753336.4705882
  size: 34
  standard: 160500002.43941924
  std/ave: 19.250298070031302
