_environment:
  LOGSIZE: 500
  NCPU: 7
  NPROC: 5000
  date: 2023/12/05 05:07
  forknum: 32
  policy: multiple
  workload: yieldrepeat
balancing:
  _data_pid04: 0.3549836825292384
  _data_pid05: 2.6635284051254664
  _data_pid06: 3.2370937640252064
  _data_pid07: 2.7757639020044667
  _data_pid08: 2.726753950411948
  _data_pid09: 2.7182245941955703
  _data_pid10: 2.8196968558491418
  _data_pid11: 2.9669297905366117
  _data_pid12: 2.8377032745281605
  _data_pid13: 2.7973580657586283
  _data_pid14: 3.745876631662459
  _data_pid15: 3.659364590039201
  _data_pid16: 3.568046323881317
  _data_pid17: 3.482752761717542
  _data_pid18: 3.6988297858657737
  _data_pid19: 2.108578704634487
  _data_pid20: 2.8125213656988555
  _data_pid21: 2.9629358856416412
  _data_pid22: 3.1449631782276675
  _data_pid23: 3.098660958767332
  _data_pid24: 2.8550327601741343
  _data_pid25: 2.2371959809131963
  _data_pid26: 3.1702804736635817
  _data_pid27: 3.1003532913499465
  _data_pid28: 3.1128088591579903
  _data_pid29: 2.38226272989492
  _data_pid30: 3.930950122897192
  _data_pid31: 3.542052095412357
  _data_pid32: 3.8308317273097123
  _data_pid33: 4.780704159279635
  _data_pid34: 2.687288754585375
  _data_pid35: 3.0519525794871694
  _data_pid36: 3.137719994774077
  average: 3.0303030303030303
  size: 33
  standard: 0.7074297997963904
  std/ave: 23.345183393280884
  total(for debug): 100.00000000000001
clock:
  idle_average: 256880.97959183675
  idle_size: 245
  running_average: 191480.58536585365
  running_size: 246
counters:
  contextswitch: 40752
  worksteal: 0
cpu_usage:
  _data_pid00: 43.54981275386938
  _data_pid01: 41.28990110608006
  _data_pid02: 42.481664934881515
  _data_pid03: 44.79828447834955
  _data_pid04: 43.033429320602245
  _data_pid05: 43.17019619239043
  _data_pid06: 41.32900474339051
  average: 42.80643093773555
  standard: 1.1521454722622528
  std/ave: 2.6915242570400593
runtime:
  _data_pid00: 14.508231844148353
  _data_pid01: 14.003239801496155
  _data_pid02: 14.253095783993377
  _data_pid03: 14.763909450729768
  _data_pid04: 14.253705023723118
  _data_pid05: 14.48115452282652
  _data_pid06: 13.736663573082705
  average: 14.285714285714286
  standard: 0.3161642079501932
  std/ave: 2.2131494556513522
  total(for debug): 100.0
time_response:
  average: 6051828.705882353
  size: 34
  standard: 5958190.263279651
  std/ave: 98.45272483486379
time_turnaround:
  average: 826056116.7058823
  size: 34
  standard: 159924349.60741162
  std/ave: 19.359986128442745
