_environment:
  LOGSIZE: 500
  NCPU: 7
  NPROC: 5000
  date: 2023/12/05 06:08
  forknum: 32
  policy: multiple
  workload: yieldrepeat
balancing:
  _data_pid05: 3.0546104432567316
  _data_pid06: 2.9558766501997944
  _data_pid07: 3.0480686550555545
  _data_pid08: 2.9222909746927215
  _data_pid09: 2.5631670347827553
  _data_pid10: 2.898821466507056
  _data_pid11: 2.7721670516430343
  _data_pid12: 2.6944748866146244
  _data_pid13: 3.151860531773196
  _data_pid14: 2.7983342044477415
  _data_pid15: 4.122405624589031
  _data_pid16: 3.818988046062282
  _data_pid17: 4.145403044966364
  _data_pid18: 2.88270303990828
  _data_pid19: 2.6905633019170136
  _data_pid20: 2.7546998027347374
  _data_pid21: 3.082058977255484
  _data_pid22: 2.8547824181011956
  _data_pid23: 4.989630928495557
  _data_pid24: 3.7630119202171604
  _data_pid25: 2.5914923032826964
  _data_pid26: 2.5415184367149433
  _data_pid27: 2.7027027027027026
  _data_pid28: 2.6189408372814484
  _data_pid29: 2.9454232773010065
  _data_pid30: 3.7579538365564567
  _data_pid31: 4.537977778152451
  _data_pid32: 2.436714943265162
  _data_pid33: 2.89295408946064
  _data_pid34: 3.372932508303687
  _data_pid35: 3.0832729173340527
  _data_pid36: 2.5541973664244404
  average: 3.125
  size: 32
  standard: 0.615709819347343
  std/ave: 19.702714219114977
  total(for debug): 100.0
clock:
  idle_average: 249349.46341463414
  idle_size: 246
  running_average: 192100.4048582996
  running_size: 247
counters:
  contextswitch: 40113
  worksteal: 0
cpu_usage:
  _data_pid00: 45.09528865922212
  _data_pid01: 41.45144063764221
  _data_pid02: 41.73288603374603
  _data_pid03: 43.96408851111312
  _data_pid04: 43.807507616047914
  _data_pid05: 47.140292909998955
  _data_pid06: 42.10425756823718
  average: 43.61553207404647
  standard: 1.900509825985379
  std/ave: 4.3574152041957595
runtime:
  _data_pid00: 14.807641078383437
  _data_pid01: 13.689130178213146
  _data_pid02: 13.60799851629546
  _data_pid03: 14.455261250021076
  _data_pid04: 14.304597798047581
  _data_pid05: 15.462359427424929
  _data_pid06: 13.673011751614371
  average: 14.285714285714283
  standard: 0.641050453028375
  std/ave: 4.4873531711986265
  total(for debug): 99.99999999999999
time_response:
  average: 5325488.0
  size: 34
  standard: 3762898.0905724624
  std/ave: 70.65827752447217
time_turnaround:
  average: 810293821.1764706
  size: 34
  standard: 169963595.34064102
  std/ave: 20.975551201151927
