_environment:
  LOGSIZE: 500
  NCPU: 7
  NPROC: 5000
  date: 2023/12/05 06:08
  forknum: 32
  policy: multiple
  workload: yieldrepeat
balancing:
  _data_pid05: 3.2292032770180987
  _data_pid06: 2.4921602763723945
  _data_pid07: 2.343879839037056
  _data_pid08: 2.6906394653458334
  _data_pid09: 3.028067709057026
  _data_pid10: 2.9190880582823175
  _data_pid11: 2.960500325576707
  _data_pid12: 2.8821712015823846
  _data_pid13: 3.5980993948904887
  _data_pid14: 3.1687876831198696
  _data_pid15: 3.6691405047392522
  _data_pid16: 3.985726390239783
  _data_pid17: 3.4219610343258653
  _data_pid18: 2.633833822379516
  _data_pid19: 2.9769153854746473
  _data_pid20: 2.5856784391934418
  _data_pid21: 2.8018668214177707
  _data_pid22: 3.690663985767258
  _data_pid23: 3.455472276939089
  _data_pid24: 3.8856694483722523
  _data_pid25: 2.5360245858092147
  _data_pid26: 3.1149108682681224
  _data_pid27: 3.0525200181996017
  _data_pid28: 2.7246274939311954
  _data_pid29: 3.9087595118801444
  _data_pid30: 4.040897338444479
  _data_pid31: 3.801073994458385
  _data_pid32: 2.3916946608144594
  _data_pid33: 2.786677782591046
  _data_pid34: 3.3107336782539276
  _data_pid35: 2.756027255810659
  _data_pid36: 3.156527472407715
  average: 3.125
  size: 32
  standard: 0.48771499662627404
  std/ave: 15.60687989204077
  total(for debug): 100.00000000000003
clock:
  idle_average: 251798.20408163266
  idle_size: 245
  running_average: 189440.51612903227
  running_size: 248
counters:
  contextswitch: 40133
  worksteal: 0
cpu_usage:
  _data_pid00: 40.06578501326178
  _data_pid01: 42.689856320470966
  _data_pid02: 43.550929398588174
  _data_pid03: 43.92561863715591
  _data_pid04: 43.650869205298015
  _data_pid05: 45.666089112976074
  _data_pid06: 43.078698323436306
  average: 43.232231859066886
  standard: 1.559551268086476
  std/ave: 3.607380884638273
runtime:
  _data_pid00: 13.282916622393683
  _data_pid01: 14.04679586204266
  _data_pid02: 14.434422857391954
  _data_pid03: 14.453085622587123
  _data_pid04: 14.36631057565776
  _data_pid05: 15.151236510362603
  _data_pid06: 14.265231949564217
  average: 14.285714285714286
  standard: 0.5167006013205321
  std/ave: 3.6169042092437245
  total(for debug): 100.0
time_response:
  average: 5049712.94117647
  size: 34
  standard: 2954192.7645549406
  std/ave: 58.50219208434212
time_turnaround:
  average: 828325082.3529412
  size: 34
  standard: 159698224.78627285
  std/ave: 19.279655800429694
