_environment:
  LOGSIZE: 500
  NCPU: 7
  NPROC: 5000
  date: 2023/12/05 05:07
  forknum: 32
  policy: multiple
  workload: yieldrepeat
balancing:
  _data_pid04: 0.3423694758712165
  _data_pid05: 2.9711085956145005
  _data_pid06: 2.7817011847447097
  _data_pid07: 3.899787492472139
  _data_pid08: 2.9374406831673308
  _data_pid09: 3.1050350803389555
  _data_pid10: 2.7152460094717257
  _data_pid11: 3.013108808325255
  _data_pid12: 2.7266267122707686
  _data_pid13: 3.8059644366585985
  _data_pid14: 3.6213667275669748
  _data_pid15: 2.5020610588253627
  _data_pid16: 3.0780059111912275
  _data_pid17: 2.9133921742764954
  _data_pid18: 2.6377488427925266
  _data_pid19: 3.6283441822592457
  _data_pid20: 2.8722048689085296
  _data_pid21: 3.215251767565404
  _data_pid22: 2.946518148495139
  _data_pid23: 3.5851923508128736
  _data_pid24: 3.724267248708324
  _data_pid25: 2.9793054113209543
  _data_pid26: 2.7491848910331576
  _data_pid27: 2.897201769699285
  _data_pid28: 3.212948530094169
  _data_pid29: 2.852559608124467
  _data_pid30: 3.4628497957231588
  _data_pid31: 3.8761454372526982
  _data_pid32: 2.9352051879746615
  _data_pid33: 3.42965607922595
  _data_pid34: 2.7997206308431952
  _data_pid35: 2.6760909724607314
  _data_pid36: 3.10638992591027
  average: 3.0303030303030303
  size: 33
  standard: 0.6101546034339916
  std/ave: 20.135101913321723
  total(for debug): 99.99999999999999
clock:
  idle_average: 257427.88477366255
  idle_size: 243
  running_average: 189823.09677419355
  running_size: 248
counters:
  contextswitch: 40731
  worksteal: 0
cpu_usage:
  _data_pid00: 42.478997867585875
  _data_pid01: 42.51317836825868
  _data_pid02: 43.79635852692323
  _data_pid03: 43.913452492944494
  _data_pid04: 43.36431730355939
  _data_pid05: 41.82697881012087
  _data_pid06: 42.684141728836515
  average: 42.9404852112043
  standard: 0.7131407694098255
  std/ave: 1.6607655127840717
runtime:
  _data_pid00: 14.074948702159556
  _data_pid01: 14.279462641149504
  _data_pid02: 14.611603032957296
  _data_pid03: 14.546163991862798
  _data_pid04: 14.420637549680492
  _data_pid05: 13.932012494385859
  _data_pid06: 14.135171587804493
  average: 14.285714285714286
  standard: 0.2343596404568924
  std/ave: 1.6405174831982468
  total(for debug): 100.0
time_response:
  average: 6199734.588235294
  size: 34
  standard: 6089578.091640127
  std/ave: 98.22320625137402
time_turnaround:
  average: 827218249.4117647
  size: 34
  standard: 161497516.76070333
  std/ave: 19.522963483402872
