_environment:
  LOGSIZE: 500
  NCPU: 7
  NPROC: 5000
  date: 2023/12/05 05:07
  forknum: 32
  policy: multiple
  workload: yieldrepeat
balancing:
  _data_pid04: 0.3301333656951992
  _data_pid05: 2.6469231062311174
  _data_pid06: 2.6855880099286957
  _data_pid07: 3.975993892638569
  _data_pid08: 3.0754120846168718
  _data_pid09: 2.8281119250183093
  _data_pid10: 2.982418757840579
  _data_pid11: 2.7122583267127918
  _data_pid12: 2.7920576078842534
  _data_pid13: 2.6463586550822473
  _data_pid14: 3.433415225787515
  _data_pid15: 3.938669560419557
  _data_pid16: 4.09170637815687
  _data_pid17: 2.98404155489358
  _data_pid18: 2.866917941503105
  _data_pid19: 3.5793258477703476
  _data_pid20: 2.8302991732201797
  _data_pid21: 2.539747944339472
  _data_pid22: 2.733778026763451
  _data_pid23: 3.8254265486775614
  _data_pid24: 4.297519378313504
  _data_pid25: 2.595628608077578
  _data_pid26: 3.3165032815778672
  _data_pid27: 2.471661024507058
  _data_pid28: 2.862614001492973
  _data_pid29: 2.762282809781374
  _data_pid30: 3.648682782687719
  _data_pid31: 3.2863757015069432
  _data_pid32: 3.6728130693019008
  _data_pid33: 3.149143515937984
  _data_pid34: 2.9182829960502534
  _data_pid35: 2.796996555436864
  _data_pid36: 2.7229123421477084
  average: 3.0303030303030303
  size: 33
  standard: 0.6869333804713923
  std/ave: 22.668801555555945
  total(for debug): 99.99999999999997
clock:
  idle_average: 258729.44262295082
  idle_size: 244
  running_average: 185848.61538461538
  running_size: 247
counters:
  contextswitch: 40807
  worksteal: 0
cpu_usage:
  _data_pid00: 40.220771397404796
  _data_pid01: 42.71664801690911
  _data_pid02: 41.44569627434395
  _data_pid03: 41.74168418449363
  _data_pid04: 39.88309130169615
  _data_pid05: 44.943617648987086
  _data_pid06: 43.76587977009793
  average: 42.10095819866048
  standard: 1.7005979002710778
  std/ave: 4.039333005786993
runtime:
  _data_pid00: 13.944201181678482
  _data_pid01: 14.874769456983882
  _data_pid02: 14.278074036234942
  _data_pid03: 13.73972875300041
  _data_pid04: 13.657389441659035
  _data_pid05: 14.483887036391577
  _data_pid06: 15.021950094051672
  average: 14.285714285714286
  standard: 0.4982660626926783
  std/ave: 3.4878624388487482
  total(for debug): 100.0
time_response:
  average: 6197211.294117647
  size: 34
  standard: 5949079.761783545
  std/ave: 95.99607758138524
time_turnaround:
  average: 834319014.5882353
  size: 34
  standard: 164256679.79260853
  std/ave: 19.687514837915423
