_environment:
  LOGSIZE: 500
  NCPU: 7
  NPROC: 5000
  date: 2023/12/05 05:07
  forknum: 32
  policy: multiple
  workload: yieldrepeat
balancing:
  _data_pid04: 0.3759998129969846
  _data_pid05: 2.9459850040081896
  _data_pid06: 3.291528075890224
  _data_pid07: 2.9940420289277165
  _data_pid08: 2.8544085273375033
  _data_pid09: 2.7995451426654254
  _data_pid10: 4.355313979437918
  _data_pid11: 2.9606977412510775
  _data_pid12: 3.4521994167155943
  _data_pid13: 2.505427900024888
  _data_pid14: 2.638805050731443
  _data_pid15: 2.5349221256192758
  _data_pid16: 3.2996407067063958
  _data_pid17: 2.7009560529163537
  _data_pid18: 3.4383804438846575
  _data_pid19: 3.705753505275273
  _data_pid20: 2.771632192569105
  _data_pid21: 2.8928403970514025
  _data_pid22: 3.086512270010354
  _data_pid23: 3.1788450088757685
  _data_pid24: 3.5112566190129813
  _data_pid25: 2.7175938212003667
  _data_pid26: 3.2293770737053134
  _data_pid27: 3.0453991070606015
  _data_pid28: 3.537519542502623
  _data_pid29: 2.752931891026743
  _data_pid30: 2.9147032495898997
  _data_pid31: 3.608951944350103
  _data_pid32: 3.305484550938384
  _data_pid33: 3.2306145936603228
  _data_pid34: 3.628958516956086
  _data_pid35: 3.279840387426247
  _data_pid36: 2.4539333196747797
  average: 3.0303030303030303
  size: 33
  standard: 0.6192300757310372
  std/ave: 20.43459249912423
  total(for debug): 100.0
clock:
  idle_average: 259002.09836065574
  idle_size: 244
  running_average: 189953.29554655871
  running_size: 247
counters:
  contextswitch: 40669
  worksteal: 0
cpu_usage:
  _data_pid00: 42.57041028503928
  _data_pid01: 43.156021119707944
  _data_pid02: 45.06881035974255
  _data_pid03: 42.3821724724852
  _data_pid04: 42.698740033166686
  _data_pid05: 40.41218492840018
  _data_pid06: 41.97953124968075
  average: 42.608613019177334
  standard: 1.2891372786508433
  std/ave: 3.0255321337745182
runtime:
  _data_pid00: 14.469564571728718
  _data_pid01: 13.565900000137502
  _data_pid02: 15.294440372851012
  _data_pid03: 14.43154520866649
  _data_pid04: 14.391738316780359
  _data_pid05: 13.721208754491165
  _data_pid06: 14.125602775344753
  average: 14.285714285714286
  standard: 0.5272938725288201
  std/ave: 3.6910571077017402
  total(for debug): 100.0
time_response:
  average: 6313216.94117647
  size: 34
  standard: 6197943.717011202
  std/ave: 98.1740968948267
time_turnaround:
  average: 828969483.2941177
  size: 34
  standard: 161790394.36753783
  std/ave: 19.51705070307573
