_environment:
  LOGSIZE: 500
  NCPU: 7
  NPROC: 5000
  date: 2023/12/05 05:08
  forknum: 32
  policy: multiple
  workload: yieldrepeat
balancing:
  _data_pid04: 0.33922568748597626
  _data_pid05: 2.974463358662837
  _data_pid06: 2.9088969677990733
  _data_pid07: 3.2383366267979206
  _data_pid08: 2.868774251001845
  _data_pid09: 3.1360726291074235
  _data_pid10: 2.929867028842921
  _data_pid11: 3.0807116679516655
  _data_pid12: 2.927839922942016
  _data_pid13: 3.229109799938627
  _data_pid14: 3.2035263254651336
  _data_pid15: 3.697511063454706
  _data_pid16: 3.4904666607484494
  _data_pid17: 2.879329181727248
  _data_pid18: 3.679686511567435
  _data_pid19: 4.0150676878620395
  _data_pid20: 3.1518700750937887
  _data_pid21: 2.982571782266458
  _data_pid22: 2.942798566486627
  _data_pid23: 3.304811720306918
  _data_pid24: 3.2711897224332818
  _data_pid25: 3.0206673931627814
  _data_pid26: 3.7031729799365447
  _data_pid27: 2.7946800353135828
  _data_pid28: 3.060230908332174
  _data_pid29: 2.869543153240119
  _data_pid30: 3.66661517351677
  _data_pid31: 3.1392181382640008
  _data_pid32: 2.3895384559464454
  _data_pid33: 3.2086989405226163
  _data_pid34: 2.446856622799629
  _data_pid35: 2.996761523572795
  _data_pid36: 2.451889437450152
  average: 3.0303030303030303
  size: 33
  standard: 0.5962660663581596
  std/ave: 19.67678018981927
  total(for debug): 99.99999999999999
clock:
  idle_average: 262359.47540983604
  idle_size: 244
  running_average: 184713.58704453442
  running_size: 247
counters:
  contextswitch: 40771
  worksteal: 0
cpu_usage:
  _data_pid00: 41.58971287449592
  _data_pid01: 41.379606071867585
  _data_pid02: 42.25535005087472
  _data_pid03: 43.65775106703747
  _data_pid04: 42.313374837074875
  _data_pid05: 40.590716091399216
  _data_pid06: 39.518138456375155
  average: 41.61279580088896
  standard: 1.2289760886523544
  std/ave: 2.9533610155222982
runtime:
  _data_pid00: 14.172895357298385
  _data_pid01: 14.504501922605098
  _data_pid02: 14.39825361331627
  _data_pid03: 14.857497950176532
  _data_pid04: 14.613825840847023
  _data_pid05: 13.872464282743527
  _data_pid06: 13.580561033013167
  average: 14.285714285714286
  standard: 0.40985566574973015
  std/ave: 2.868989660248111
  total(for debug): 100.0
time_response:
  average: 6550043.294117647
  size: 34
  standard: 6526759.132183748
  std/ave: 99.64451896135085
time_turnaround:
  average: 831400264.4705882
  size: 34
  standard: 162133424.04311937
  std/ave: 19.501247590576757
