_environment:
  LOGSIZE: 500
  NCPU: 7
  NPROC: 5000
  date: 2023/12/05 05:08
  forknum: 32
  policy: multiple
  workload: yieldrepeat
balancing:
  _data_pid04: 0.31876209633834873
  _data_pid05: 2.781299562271457
  _data_pid06: 3.2704895911157217
  _data_pid07: 3.652133952140139
  _data_pid08: 3.1131139773338328
  _data_pid09: 2.753427423329524
  _data_pid10: 2.969878375502973
  _data_pid11: 2.9516595139506854
  _data_pid12: 3.06851855502674
  _data_pid13: 2.700606320993227
  _data_pid14: 3.263691508446958
  _data_pid15: 3.8605631667644453
  _data_pid16: 3.6918347549257207
  _data_pid17: 3.010123024902057
  _data_pid18: 2.8653238640573813
  _data_pid19: 3.6161720948223763
  _data_pid20: 2.779803984084329
  _data_pid21: 3.0256226533868387
  _data_pid22: 2.825962965405237
  _data_pid23: 3.8573680679101265
  _data_pid24: 2.5100560637877694
  _data_pid25: 2.743094337673003
  _data_pid26: 4.099787695878254
  _data_pid27: 2.8190969019097856
  _data_pid28: 2.971237992036726
  _data_pid29: 2.7079482502754924
  _data_pid30: 3.933370632146909
  _data_pid31: 3.346152251219066
  _data_pid32: 2.6041415279234643
  _data_pid33: 2.8965950443336963
  _data_pid34: 3.5791905251042997
  _data_pid35: 2.990340604335953
  _data_pid36: 2.422632720667463
  average: 3.0303030303030307
  size: 33
  standard: 0.6475844411673135
  std/ave: 21.370286558521343
  total(for debug): 99.99999999999999
clock:
  idle_average: 253141.76518218624
  idle_size: 247
  running_average: 195722.3606557377
  running_size: 244
counters:
  contextswitch: 40766
  worksteal: 0
cpu_usage:
  _data_pid00: 41.6565250472771
  _data_pid01: 43.242534124008664
  _data_pid02: 42.42520526431892
  _data_pid03: 45.5402319256934
  _data_pid04: 42.754835947534346
  _data_pid05: 44.593042753630556
  _data_pid06: 42.90796684908056
  average: 43.3036562757793
  standard: 1.2312023962098666
  std/ave: 2.8431834678553582
runtime:
  _data_pid00: 14.031310609155796
  _data_pid01: 13.676314732192932
  _data_pid02: 14.250888679356875
  _data_pid03: 14.556938361104635
  _data_pid04: 14.188618242110994
  _data_pid05: 14.91499337526844
  _data_pid06: 14.380936000810332
  average: 14.285714285714286
  standard: 0.36358362324964194
  std/ave: 2.5450853627474936
  total(for debug): 100.0
time_response:
  average: 5960518.588235294
  size: 34
  standard: 5993430.18921296
  std/ave: 100.55216002585121
time_turnaround:
  average: 832686190.117647
  size: 34
  standard: 162818927.4940942
  std/ave: 19.553455962934862
