_environment:
  LOGSIZE: 500
  NCPU: 7
  NPROC: 5000
  date: 2023/12/05 05:08
  forknum: 32
  policy: multiple
  workload: yieldrepeat
balancing:
  _data_pid04: 0.34786925781932254
  _data_pid05: 2.7322073710600834
  _data_pid06: 3.743634315765443
  _data_pid07: 2.9001940476468797
  _data_pid08: 3.134261443103882
  _data_pid09: 3.131785994738297
  _data_pid10: 2.8219423743125476
  _data_pid11: 3.0440451026692212
  _data_pid12: 3.0493398116733896
  _data_pid13: 2.781166238734991
  _data_pid14: 3.5762665012700423
  _data_pid15: 3.8858350718773935
  _data_pid16: 3.6704023016168805
  _data_pid17: 3.9493715799274147
  _data_pid18: 2.7802723268251963
  _data_pid19: 3.8823281866928148
  _data_pid20: 2.689024549571541
  _data_pid21: 2.88513507008957
  _data_pid22: 2.825861834224724
  _data_pid23: 3.8337131312909047
  _data_pid24: 2.590212902311931
  _data_pid25: 3.7613750290521373
  _data_pid26: 3.148495271205997
  _data_pid27: 2.986284640805566
  _data_pid28: 2.418650578085956
  _data_pid29: 3.018259182194375
  _data_pid30: 3.922004122996778
  _data_pid31: 3.27694353639803
  _data_pid32: 2.140781499049015
  _data_pid33: 2.887954330728153
  _data_pid34: 3.0309114738406993
  _data_pid35: 2.5575507363771264
  _data_pid36: 2.5959201860436973
  average: 3.0303030303030303
  size: 33
  standard: 0.6749386677141735
  std/ave: 22.272976034567726
  total(for debug): 100.00000000000001
clock:
  idle_average: 256455.0819672131
  idle_size: 244
  running_average: 190016.51821862347
  running_size: 247
counters:
  contextswitch: 40683
  worksteal: 0
cpu_usage:
  _data_pid00: 42.30265399153188
  _data_pid01: 41.28837861707102
  _data_pid02: 43.1810036759812
  _data_pid03: 42.334693977918214
  _data_pid04: 42.01984152704411
  _data_pid05: 44.965937370491574
  _data_pid06: 43.903618704873786
  average: 42.85860392266872
  standard: 1.1581724260395818
  std/ave: 2.702310201539259
runtime:
  _data_pid00: 13.143668146893106
  _data_pid01: 14.01028136221173
  _data_pid02: 14.49890736459641
  _data_pid03: 14.205979308002162
  _data_pid04: 14.265252543867007
  _data_pid05: 15.14548072519635
  _data_pid06: 14.730430549233231
  average: 14.285714285714286
  standard: 0.5817868046528075
  std/ave: 4.0725076325696525
  total(for debug): 100.0
time_response:
  average: 6253313.882352941
  size: 34
  standard: 5941815.702610083
  std/ave: 95.01867033059199
time_turnaround:
  average: 828513576.4705882
  size: 34
  standard: 160803313.3920558
  std/ave: 19.408651585055136
