_environment:
  LOGSIZE: 500
  NCPU: 7
  NPROC: 5000
  date: 2023/12/05 05:08
  forknum: 32
  policy: multiple
  workload: yieldrepeat
balancing:
  _data_pid04: 0.3207664391029024
  _data_pid05: 2.6391682174864464
  _data_pid06: 2.664387486991887
  _data_pid07: 3.5678182285730076
  _data_pid08: 3.3166173025441004
  _data_pid09: 2.882860035179464
  _data_pid10: 3.500023731615967
  _data_pid11: 2.9301107451798254
  _data_pid12: 2.829375348447421
  _data_pid13: 3.724942778469261
  _data_pid14: 2.9395325509220265
  _data_pid15: 3.1164924813281774
  _data_pid16: 3.6380921480937842
  _data_pid17: 3.875691670344477
  _data_pid18: 2.998471967294291
  _data_pid19: 2.885693660966592
  _data_pid20: 2.868479384309789
  _data_pid21: 2.7354406536041243
  _data_pid22: 2.835113440666355
  _data_pid23: 3.8134227436723367
  _data_pid24: 3.5870160432808005
  _data_pid25: 2.1802625212610485
  _data_pid26: 3.4534105874177095
  _data_pid27: 3.1055121814030557
  _data_pid28: 2.68712733393359
  _data_pid29: 2.619474518265906
  _data_pid30: 2.886047864189983
  _data_pid31: 3.584890823940454
  _data_pid32: 3.794791654121969
  _data_pid33: 3.354304525512904
  _data_pid34: 3.073704731942543
  _data_pid35: 2.782195479091738
  _data_pid36: 2.8087607208460637
  average: 3.0303030303030303
  size: 33
  standard: 0.6347252203125022
  std/ave: 20.94593227031257
  total(for debug): 100.0
clock:
  idle_average: 259900.0975609756
  idle_size: 246
  running_average: 186003.0693877551
  running_size: 245
counters:
  contextswitch: 40583
  worksteal: 0
cpu_usage:
  _data_pid00: 38.44263743307598
  _data_pid01: 42.4693014136828
  _data_pid02: 43.34093757681268
  _data_pid03: 42.60584681539858
  _data_pid04: 40.328685238685665
  _data_pid05: 40.96246331920443
  _data_pid06: 43.14785706370736
  average: 41.614777964669315
  standard: 1.6554848565124893
  std/ave: 3.9781177203876603
runtime:
  _data_pid00: 13.255559750895957
  _data_pid01: 13.694771747900813
  _data_pid02: 15.114134904673287
  _data_pid03: 14.76793667413091
  _data_pid04: 14.032256579147774
  _data_pid05: 14.239748827410228
  _data_pid06: 14.89559151584103
  average: 14.285714285714286
  standard: 0.6287805057198272
  std/ave: 4.40146354003879
  total(for debug): 100.0
time_response:
  average: 6234422.588235294
  size: 34
  standard: 6326982.692996671
  std/ave: 101.48466202685785
time_turnaround:
  average: 825772446.117647
  size: 34
  standard: 160766924.3999474
  std/ave: 19.468671442815747
