_environment:
  LOGSIZE: 500
  NCPU: 7
  NPROC: '15000'
  date: 2023/12/07 02:59
  forknum: '32'
  policy: multiple
  workload: yieldrepeat
balancing:
  _data_pid04: 0.8286357213594694
  _data_pid05: 2.5829076016641803
  _data_pid06: 3.0578168669671513
  _data_pid07: 3.5892871416165746
  _data_pid08: 2.559876771511134
  _data_pid09: 2.95749728032991
  _data_pid10: 2.619689192173311
  _data_pid11: 3.0855216008865516
  _data_pid12: 2.867135140847074
  _data_pid13: 2.7535389580039586
  _data_pid14: 3.493912409688664
  _data_pid15: 3.5849519265289427
  _data_pid16: 3.1732419686753617
  _data_pid17: 3.2134781837074486
  _data_pid18: 3.4469701588178956
  _data_pid19: 3.048265846227211
  _data_pid20: 2.5516805054860794
  _data_pid21: 2.9908919840518275
  _data_pid22: 2.9305376615036964
  _data_pid23: 3.837681418590757
  _data_pid24: 3.8005611394029053
  _data_pid25: 3.287921955290385
  _data_pid26: 2.630120803477926
  _data_pid27: 2.7381624919900127
  _data_pid28: 2.635404346865978
  _data_pid29: 3.9052836788635235
  _data_pid30: 2.457863741480286
  _data_pid31: 3.5063084153298627
  _data_pid32: 4.053493844671953
  _data_pid33: 3.15427540266697
  _data_pid34: 3.368529860826048
  _data_pid35: 2.782937135316965
  _data_pid36: 2.5056188451799857
  average: 3.0303030303030303
  size: 33
  standard: 0.5877347954927465
  std/ave: 19.395248251260636
  total: 100.0
clock:
  idle_average: 272248.1951219512
  idle_size: 246
  running_average: 191222.72653061224
  running_size: 245
counters:
  contextswitch: 40290
  worksteal: 0
cpu_usage:
  _data_pid00: 42.697534500989086
  _data_pid01: 39.21947373607963
  _data_pid02: 40.41453749809587
  _data_pid03: 41.1929028046507
  _data_pid04: 39.544786046711216
  _data_pid05: 41.420574577244714
  _data_pid06: 42.63372311888887
  average: 41.017647468951445
  size: 7
  standard: 1.275778575373632
  std/ave: 3.110316300658979
  total: 287.1235322826601
runtime:
  _data_pid00: 14.82541953366633
  _data_pid01: 14.307090379751294
  _data_pid02: 13.837938821986583
  _data_pid03: 14.233865887411753
  _data_pid04: 13.73308080705448
  _data_pid05: 14.410119475818306
  _data_pid06: 14.652485094311249
  average: 14.285714285714283
  size: 7
  standard: 0.368458381733111
  std/ave: 2.5792086721317773
  total: 99.99999999999999
time_response:
  average: 5863534.117647059
  size: 34
  standard: 5737440.900673666
  std/ave: 97.8495355455697
  total: 199360160
time_turnaround:
  average: 849927983.0588236
  size: 34
  standard: 166826676.29543403
  std/ave: 19.62833082575279
  total: 28897551424
