_environment:
  LOGSIZE: 500
  NCPU: 7
  NPROC: '15000'
  date: 2023/12/11 07:07
  forknum: '32'
  policy: multiple
  workload: yieldrepeat
balancing:
  _data_pid05: 3.61338085868917
  _data_pid06: 2.8744433235049858
  _data_pid07: 3.31065753317764
  _data_pid08: 2.920426613456104
  _data_pid09: 2.6294081253866777
  _data_pid10: 2.840931259161822
  _data_pid11: 2.3872991366288954
  _data_pid12: 2.9623689476236392
  _data_pid13: 2.393917943515799
  _data_pid14: 2.25701314843406
  _data_pid15: 3.4289599973246085
  _data_pid16: 3.117040013822856
  _data_pid17: 5.337545216901785
  _data_pid18: 2.879320339105862
  _data_pid19: 2.9326191524582943
  _data_pid20: 2.6827069387391105
  _data_pid21: 3.220223729607108
  _data_pid22: 3.80156398923155
  _data_pid23: 2.664383294410104
  _data_pid24: 4.669115392975983
  _data_pid25: 3.1711748869925818
  _data_pid26: 2.907607029590944
  _data_pid27: 3.1295112394308107
  _data_pid28: 3.535487952378033
  _data_pid29: 2.6551866364198804
  _data_pid30: 2.1998127226009263
  _data_pid31: 4.728127281746584
  _data_pid32: 2.6859118347054003
  _data_pid33: 3.021380836394241
  _data_pid34: 3.5748524354422475
  _data_pid35: 3.08276156131384
  _data_pid36: 2.384860628828457
  average: 3.125
  size: 32
  standard: 0.7010403424877257
  std/ave: 22.433290959607223
  total: 100.00000000000001
clock:
  idle_average: 253913.39271255062
  idle_size: 247
  running_average: 190561.82113821138
  running_size: 246
counters:
  contextswitch: 40245
  worksteal: 715
cpu_usage:
  _data_pid00: 42.95089507554446
  _data_pid01: 43.11833005107319
  _data_pid02: 42.22228997083422
  _data_pid03: 43.417032992787604
  _data_pid04: 42.05597192845178
  _data_pid05: 42.13428172025327
  _data_pid06: 43.52368820189456
  average: 42.77464142011987
  size: 7
  standard: 0.5799709040749133
  std/ave: 1.3558755487360155
  total: 299.4224899408391
runtime:
  _data_pid00: 14.573219331932469
  _data_pid01: 14.78146789808988
  _data_pid02: 14.473588870371712
  _data_pid03: 13.850515291534057
  _data_pid04: 14.37939279762336
  _data_pid05: 13.207027918824165
  _data_pid06: 14.734787891624354
  average: 14.285714285714286
  size: 7
  standard: 0.5246948589572572
  std/ave: 3.6728640127008
  total: 100.0
time_response:
  average: 4814204.235294118
  size: 34
  standard: 1874979.4992103882
  std/ave: 38.94682085700585
  total: 163682944
time_turnaround:
  average: 809291318.5882353
  size: 34
  standard: 179065525.32818553
  std/ave: 22.126213542059936
  total: 27515904832
