_environment:
  LOGSIZE: 500
  NCPU: 7
  NPROC: 15000
  date: 2023/12/05 05:06
  forknum: 32
  policy: multiple
  workload: yieldrepeat
balancing:
  _data_pid04: 0.9069021375720727
  _data_pid05: 2.2830738141255766
  _data_pid06: 3.698703590052895
  _data_pid07: 2.4886082353281047
  _data_pid08: 3.133184472956053
  _data_pid09: 3.1021112196991742
  _data_pid10: 2.851411366891977
  _data_pid11: 3.2579002513340005
  _data_pid12: 2.7464950990926753
  _data_pid13: 3.5812452835240594
  _data_pid14: 2.6544731744816015
  _data_pid15: 2.9420945345600105
  _data_pid16: 3.8062973717382773
  _data_pid17: 3.460263932408276
  _data_pid18: 2.7139421671092787
  _data_pid19: 3.763457149560993
  _data_pid20: 2.920885806146585
  _data_pid21: 2.8383761019202707
  _data_pid22: 3.758383965355789
  _data_pid23: 3.1535476706686105
  _data_pid24: 3.469846613684773
  _data_pid25: 2.9333573839843803
  _data_pid26: 2.676456972704155
  _data_pid27: 3.4807680519043114
  _data_pid28: 2.874381617598876
  _data_pid29: 3.2711468989809243
  _data_pid30: 2.735503199981398
  _data_pid31: 3.5757493339684205
  _data_pid32: 3.0770271422401065
  _data_pid33: 3.412702830484482
  _data_pid34: 2.9492815455173838
  _data_pid35: 2.803286577834272
  _data_pid36: 2.6791344865902356
  average: 3.03030303030303
  size: 33
  standard: 0.5445614273077055
  std/ave: 17.970527101154286
  total(for debug): 99.99999999999999
clock:
  idle_average: 279681.7049180328
  idle_size: 244
  running_average: 182199.96761133603
  running_size: 247
counters:
  contextswitch: 40296
  worksteal: 0
cpu_usage:
  _data_pid00: 36.77283366865249
  _data_pid01: 41.05973087224499
  _data_pid02: 41.37607920558682
  _data_pid03: 39.63681407944024
  _data_pid04: 39.61554857193842
  _data_pid05: 41.074546940061225
  _data_pid06: 38.6805238177203
  average: 39.739593532393556
  standard: 1.519031273687612
  std/ave: 3.8224630366422345
runtime:
  _data_pid00: 13.239108331507222
  _data_pid01: 15.251612321355218
  _data_pid02: 14.840966244300594
  _data_pid03: 14.113950763338071
  _data_pid04: 14.07829755211816
  _data_pid05: 14.700396765281381
  _data_pid06: 13.775668022099355
  average: 14.285714285714286
  standard: 0.637100679981795
  std/ave: 4.459704759872564
  total(for debug): 100.0
time_response:
  average: 5839131.294117647
  size: 34
  standard: 6047547.4667282095
  std/ave: 103.56930101606932
time_turnaround:
  average: 845320613.6470588
  size: 34
  standard: 164404578.4324937
  std/ave: 19.44878378431884
