_environment:
  LOGSIZE: 500
  NCPU: 7
  NPROC: 15000
  date: 2023/12/05 05:07
  forknum: 32
  policy: multiple
  workload: yieldrepeat
balancing:
  _data_pid04: 0.9709844703657875
  _data_pid05: 2.753555688406301
  _data_pid06: 2.723038636395234
  _data_pid07: 3.533721690046853
  _data_pid08: 3.3820401240146256
  _data_pid09: 3.5255884438388922
  _data_pid10: 2.9005797544732856
  _data_pid11: 2.7580741585218345
  _data_pid12: 2.961405313720856
  _data_pid13: 3.1386683720994895
  _data_pid14: 2.884799866531344
  _data_pid15: 2.385335131452723
  _data_pid16: 3.3483949003851126
  _data_pid17: 2.9266478512936724
  _data_pid18: 2.5938799060158217
  _data_pid19: 3.9686765748606225
  _data_pid20: 2.9474328138251282
  _data_pid21: 2.8562292324162
  _data_pid22: 3.5904458687280156
  _data_pid23: 2.5701753166404826
  _data_pid24: 3.864821277128199
  _data_pid25: 3.409568034256955
  _data_pid26: 3.361324676408025
  _data_pid27: 3.20060617014473
  _data_pid28: 3.0334922907948334
  _data_pid29: 3.153961655567451
  _data_pid30: 2.6409415101422273
  _data_pid31: 3.790440307534028
  _data_pid32: 2.8005477776078527
  _data_pid33: 3.0973069918111418
  _data_pid34: 2.746187106371738
  _data_pid35: 3.186008035925313
  _data_pid36: 2.9951200522752233
  average: 3.03030303030303
  size: 33
  standard: 0.5283321368236389
  std/ave: 17.434960515180087
  total(for debug): 100.0
clock:
  idle_average: 274926.49795918365
  idle_size: 245
  running_average: 188536.0650406504
  running_size: 246
counters:
  contextswitch: 40415
  worksteal: 0
cpu_usage:
  _data_pid00: 40.868185768192184
  _data_pid01: 41.63226922026837
  _data_pid02: 39.329276644035296
  _data_pid03: 40.62692023031966
  _data_pid04: 42.82290685432482
  _data_pid05: 38.903650362515094
  _data_pid06: 41.300853027985646
  average: 40.7782229691158
  standard: 1.2437112148923157
  std/ave: 3.0499397088349465
runtime:
  _data_pid00: 14.613357987960015
  _data_pid01: 13.557217734647628
  _data_pid02: 13.973056015126447
  _data_pid03: 14.385766123986821
  _data_pid04: 15.042404104161164
  _data_pid05: 13.730240382610145
  _data_pid06: 14.697957651507778
  average: 14.285714285714286
  standard: 0.5066554924287681
  std/ave: 3.546588447001376
  total(for debug): 100.0
time_response:
  average: 6746290.823529412
  size: 34
  standard: 7234390.757547975
  std/ave: 107.23508586846255
time_turnaround:
  average: 854737079.5294118
  size: 34
  standard: 166406541.67311323
  std/ave: 19.468740231175044
