_environment:
  LOGSIZE: 500
  NCPU: 7
  NPROC: 15000
  date: 2023/12/05 05:06
  forknum: 32
  policy: multiple
  workload: yieldrepeat
balancing:
  _data_pid04: 0.8639880189320407
  _data_pid05: 2.700420395489193
  _data_pid06: 3.0149369949387044
  _data_pid07: 3.9534675505960006
  _data_pid08: 3.1121339513784605
  _data_pid09: 2.8240701174638447
  _data_pid10: 3.542093132726412
  _data_pid11: 2.8436044673973053
  _data_pid12: 3.7231928352345407
  _data_pid13: 2.877179131345442
  _data_pid14: 3.412203271189682
  _data_pid15: 2.5998320588526553
  _data_pid16: 3.776980125155495
  _data_pid17: 3.8485382473075833
  _data_pid18: 2.6166533046286915
  _data_pid19: 3.6276915688931757
  _data_pid20: 2.709577122020503
  _data_pid21: 2.3898377970679485
  _data_pid22: 3.6836493421400696
  _data_pid23: 2.965287188857824
  _data_pid24: 3.6315577423175065
  _data_pid25: 2.6126514759964894
  _data_pid26: 3.595337801815881
  _data_pid27: 3.0622806624857732
  _data_pid28: 2.8529646767404224
  _data_pid29: 3.2133327364504187
  _data_pid30: 2.5265782466021762
  _data_pid31: 2.739963888583665
  _data_pid32: 3.192577489646116
  _data_pid33: 3.2212685661108873
  _data_pid34: 2.6601307987514295
  _data_pid35: 2.851065503830225
  _data_pid36: 2.754953789053439
  average: 3.0303030303030303
  size: 33
  standard: 0.5799965760494594
  std/ave: 19.13988700963216
  total(for debug): 100.00000000000001
clock:
  idle_average: 264386.7428571429
  idle_size: 245
  running_average: 192951.67479674798
  running_size: 246
counters:
  contextswitch: 40487
  worksteal: 0
cpu_usage:
  _data_pid00: 39.63456614707954
  _data_pid01: 43.072696208336545
  _data_pid02: 43.18072728859481
  _data_pid03: 41.448265535313205
  _data_pid04: 41.04503818156928
  _data_pid05: 40.956502153664616
  _data_pid06: 46.6897367819178
  average: 42.28951052978352
  standard: 2.1331292828174884
  std/ave: 5.044109652948513
runtime:
  _data_pid00: 13.471240417655252
  _data_pid01: 15.261753506347986
  _data_pid02: 14.766476342410023
  _data_pid03: 14.081281887452302
  _data_pid04: 14.032378185014712
  _data_pid05: 13.937216056693025
  _data_pid06: 14.449653604426702
  average: 14.285714285714283
  standard: 0.5479117888273958
  std/ave: 3.835382521791771
  total(for debug): 99.99999999999999
time_response:
  average: 6710053.647058823
  size: 34
  standard: 7082351.004866649
  std/ave: 105.5483514348803
time_turnaround:
  average: 846379418.3529412
  size: 34
  standard: 164734804.07348272
  std/ave: 19.46346998773405
