_environment:
  LOGSIZE: 500
  NCPU: 7
  NPROC: 15000
  date: 2023/12/05 06:08
  forknum: 32
  policy: multiple
  workload: yieldrepeat
balancing:
  _data_pid05: 2.8217861380330884
  _data_pid06: 2.7842583087813786
  _data_pid07: 3.225926864059938
  _data_pid08: 2.5946194558131475
  _data_pid09: 3.23565877004706
  _data_pid10: 2.962965431736679
  _data_pid11: 2.6396795136713282
  _data_pid12: 3.906826998706856
  _data_pid13: 2.605751156497047
  _data_pid14: 2.8513817973363906
  _data_pid15: 3.776179493674261
  _data_pid16: 2.7621948780845473
  _data_pid17: 5.2519630454200055
  _data_pid18: 2.606284411619629
  _data_pid19: 2.4751703083547745
  _data_pid20: 2.9606324405753823
  _data_pid21: 3.0438868965885004
  _data_pid22: 3.512351521776806
  _data_pid23: 2.8918425297623016
  _data_pid24: 5.265694364826492
  _data_pid25: 2.607084294303502
  _data_pid26: 2.4077801922384716
  _data_pid27: 2.7849248776846065
  _data_pid28: 2.4772366719547803
  _data_pid29: 3.9258908693391636
  _data_pid30: 2.920571649491408
  _data_pid31: 4.453813440695365
  _data_pid32: 2.9085067523429897
  _data_pid33: 2.9433683059817892
  _data_pid34: 2.6627427977230007
  _data_pid35: 3.314780498860167
  _data_pid36: 2.4182453240191437
  average: 3.125
  size: 32
  standard: 0.7270826063691503
  std/ave: 23.26664340381281
  total(for debug): 100.00000000000001
clock:
  idle_average: 255042.35102040815
  idle_size: 245
  running_average: 195056.90322580645
  running_size: 248
counters:
  contextswitch: 39469
  worksteal: 0
cpu_usage:
  _data_pid00: 42.52648964965891
  _data_pid01: 44.21346247051276
  _data_pid02: 42.927889866243575
  _data_pid03: 42.957713542037354
  _data_pid04: 45.653635152486025
  _data_pid05: 41.917059545337125
  _data_pid06: 45.227096992444864
  average: 43.63551814347185
  standard: 1.3138351793661367
  std/ave: 3.010930625474181
runtime:
  _data_pid00: 13.970284358294116
  _data_pid01: 13.8899628054552
  _data_pid02: 14.121462185546118
  _data_pid03: 14.081334737571824
  _data_pid04: 15.121248883497088
  _data_pid05: 13.84423617869379
  _data_pid06: 14.971470850941863
  average: 14.285714285714286
  standard: 0.49108452504508765
  std/ave: 3.4375916753156135
  total(for debug): 100.0
time_response:
  average: 6051302.588235294
  size: 34
  standard: 6451782.983162543
  std/ave: 106.6180857606732
time_turnaround:
  average: 815756588.2352941
  size: 34
  standard: 172064873.4683951
  std/ave: 21.092673470234395
