_environment:
  LOGSIZE: 500
  NCPU: 7
  NPROC: 15000
  date: 2023/12/05 06:08
  forknum: 32
  policy: multiple
  workload: yieldrepeat
balancing:
  _data_pid05: 2.484265528267874
  _data_pid06: 4.03516232882371
  _data_pid07: 2.2923503447565983
  _data_pid08: 2.7901515141254722
  _data_pid09: 2.489953910559669
  _data_pid10: 3.075586411267331
  _data_pid11: 3.0718618752429414
  _data_pid12: 2.9220678082256715
  _data_pid13: 2.8802175670788936
  _data_pid14: 3.2910677499874716
  _data_pid15: 3.8516442810765126
  _data_pid16: 3.4518322685674896
  _data_pid17: 5.029003977804474
  _data_pid18: 2.4364560294820725
  _data_pid19: 3.382014147819386
  _data_pid20: 2.7745084628230354
  _data_pid21: 2.635955722715742
  _data_pid22: 2.52198492036942
  _data_pid23: 3.4235935136189353
  _data_pid24: 4.860180917644414
  _data_pid25: 2.6655488544004378
  _data_pid26: 2.912519452235873
  _data_pid27: 2.8151397649072862
  _data_pid28: 2.9008040934682473
  _data_pid29: 2.8242818078762424
  _data_pid30: 3.5715591720424134
  _data_pid31: 4.606032123107428
  _data_pid32: 3.049717815607025
  _data_pid33: 2.8028826554452038
  _data_pid34: 2.5769726158567723
  _data_pid35: 2.8068103479800146
  _data_pid36: 2.767872016815941
  average: 3.125
  size: 32
  standard: 0.6785052461202156
  std/ave: 21.712167875846898
  total(for debug): 100.00000000000001
clock:
  idle_average: 253143.28455284552
  idle_size: 246
  running_average: 194287.028340081
  running_size: 247
counters:
  contextswitch: 39327
  worksteal: 0
cpu_usage:
  _data_pid00: 43.67366187219995
  _data_pid01: 41.92708175222367
  _data_pid02: 42.64621421928812
  _data_pid03: 42.594494472479425
  _data_pid04: 42.811989056707624
  _data_pid05: 47.37741080282517
  _data_pid06: 43.62384647992957
  average: 43.52254931665396
  standard: 1.672154932420718
  std/ave: 3.842042708148224
runtime:
  _data_pid00: 14.4243153964193
  _data_pid01: 14.029175983649964
  _data_pid02: 14.129738456308482
  _data_pid03: 14.295649606485838
  _data_pid04: 14.327274303274748
  _data_pid05: 14.298629235305352
  _data_pid06: 14.495217018556318
  average: 14.285714285714288
  standard: 0.14891740967165862
  std/ave: 1.0424218677016102
  total(for debug): 100.00000000000001
time_response:
  average: 5977126.588235294
  size: 34
  standard: 5859970.358531407
  std/ave: 98.0399239003155
time_turnaround:
  average: 832223799.5294118
  size: 34
  standard: 175741548.56392416
  std/ave: 21.117101993874577
