_environment:
  LOGSIZE: 500
  NCPU: 7
  NPROC: 15000
  date: 2023/12/05 05:06
  forknum: 32
  policy: multiple
  workload: yieldrepeat
balancing:
  _data_pid05: 2.9173594571518446
  _data_pid06: 2.681470778356591
  _data_pid07: 3.5181427568970824
  _data_pid08: 2.858456422470263
  _data_pid09: 2.8532021611606386
  _data_pid10: 2.9174977271863085
  _data_pid11: 2.66107594827318
  _data_pid12: 3.8396897220426633
  _data_pid13: 3.3374238218528878
  _data_pid14: 3.852410565213334
  _data_pid15: 2.8502984904368986
  _data_pid16: 3.8087172343227707
  _data_pid17: 3.471684025317243
  _data_pid18: 2.7707240856029784
  _data_pid19: 3.2574346069155755
  _data_pid20: 2.6036938839707005
  _data_pid21: 2.8668908945725553
  _data_pid22: 3.6015887226959893
  _data_pid23: 3.06212818323545
  _data_pid24: 3.669410174600486
  _data_pid25: 2.747425584795827
  _data_pid26: 3.3246338436649854
  _data_pid27: 2.6900435204933473
  _data_pid28: 3.8750177158481653
  _data_pid29: 2.944667788958446
  _data_pid30: 2.5624202786832546
  _data_pid31: 3.6659534237388907
  _data_pid32: 2.6715844708924292
  _data_pid33: 3.759838777139815
  _data_pid34: 2.723159193747429
  _data_pid35: 2.814486551510773
  _data_pid36: 2.821469188251195
  average: 3.125
  size: 32
  standard: 0.43621447124008744
  std/ave: 13.958863079682798
  total(for debug): 99.99999999999997
clock:
  idle_average: 245471.6081632653
  idle_size: 245
  running_average: 186638.06451612903
  running_size: 248
counters:
  contextswitch: 40354
  worksteal: 0
cpu_usage:
  _data_pid00: 42.152561143659064
  _data_pid01: 42.25508855572909
  _data_pid02: 42.05995857038164
  _data_pid03: 46.53833122090178
  _data_pid04: 42.191167035525375
  _data_pid05: 44.93477169563937
  _data_pid06: 44.285265407013284
  average: 43.491157263570045
  standard: 1.6500177147682233
  std/ave: 3.7939154039259035
runtime:
  _data_pid00: 13.78856437679967
  _data_pid01: 13.86004998461746
  _data_pid02: 13.728555181842378
  _data_pid03: 15.383232684270748
  _data_pid04: 13.957392088879978
  _data_pid05: 14.666440825610374
  _data_pid06: 14.615764857979391
  average: 14.285714285714288
  standard: 0.5738345424457207
  std/ave: 4.016841797120044
  total(for debug): 100.00000000000001
time_response:
  average: 6249216.94117647
  size: 34
  standard: 5779940.197071862
  std/ave: 92.49063124993285
time_turnaround:
  average: 856474431.0588236
  size: 34
  standard: 167617696.97588995
  std/ave: 19.570659776576306
