_environment:
  LOGSIZE: 500
  NCPU: 7
  NPROC: 15000
  date: 2023/12/05 05:06
  forknum: 32
  policy: multiple
  workload: yieldrepeat
balancing:
  _data_pid04: 0.9654072148232021
  _data_pid05: 2.2852757364055605
  _data_pid06: 3.4664927912230463
  _data_pid07: 3.052530904573712
  _data_pid08: 2.9934425688860062
  _data_pid09: 2.7153838543183957
  _data_pid10: 2.719849833178513
  _data_pid11: 2.4127279023366
  _data_pid12: 3.0214064672870484
  _data_pid13: 2.9489889023860694
  _data_pid14: 3.8483683374466144
  _data_pid15: 3.7209161715155745
  _data_pid16: 3.846169701700095
  _data_pid17: 3.9597429794812316
  _data_pid18: 2.913742023074682
  _data_pid19: 3.6427958951470614
  _data_pid20: 3.3543623681505625
  _data_pid21: 3.345980069366958
  _data_pid22: 3.0325370607538025
  _data_pid23: 3.580340898472498
  _data_pid24: 2.977777289192056
  _data_pid25: 3.2014884764003937
  _data_pid26: 2.709131483914231
  _data_pid27: 2.5330345020914526
  _data_pid28: 3.0815941208480138
  _data_pid29: 2.9287889364649233
  _data_pid30: 3.0229180293627804
  _data_pid31: 3.2085653352095025
  _data_pid32: 3.515000192380628
  _data_pid33: 2.582778635856451
  _data_pid34: 2.8457904370338203
  _data_pid35: 2.9052910169239987
  _data_pid36: 2.6613798637945156
  average: 3.0303030303030307
  size: 33
  standard: 0.5563541128780718
  std/ave: 18.359685724976366
  total(for debug): 100.00000000000003
clock:
  idle_average: 275299.9183673469
  idle_size: 245
  running_average: 189399.28455284552
  running_size: 246
counters:
  contextswitch: 40336
  worksteal: 0
cpu_usage:
  _data_pid00: 38.48893470951416
  _data_pid01: 39.84993012941248
  _data_pid02: 42.5065996473694
  _data_pid03: 41.51416021654381
  _data_pid04: 41.4370245799135
  _data_pid05: 41.02515519336175
  _data_pid06: 41.13222571553535
  average: 40.85578426453769
  standard: 1.2080276942908639
  std/ave: 2.956809460489091
runtime:
  _data_pid00: 13.543458783824637
  _data_pid01: 14.484749712803206
  _data_pid02: 14.990573349236799
  _data_pid03: 13.548680543722618
  _data_pid04: 14.59310123068636
  _data_pid05: 14.430264770709774
  _data_pid06: 14.409171609016605
  average: 14.285714285714286
  standard: 0.5016012438630435
  std/ave: 3.5112087070413045
  total(for debug): 100.0
time_response:
  average: 6072728.470588235
  size: 34
  standard: 6230453.004972554
  std/ave: 102.59725978443164
time_turnaround:
  average: 853212267.2941177
  size: 34
  standard: 166377654.26932865
  std/ave: 19.500147928836007
