_environment:
  LOGSIZE: 500
  NCPU: 7
  NPROC: 15000
  date: 2023/12/05 05:07
  forknum: 32
  policy: multiple
  workload: yieldrepeat
balancing:
  _data_pid05: 3.2913397604122756
  _data_pid06: 3.578246740002448
  _data_pid07: 2.811688399983683
  _data_pid08: 2.6990332186611914
  _data_pid09: 3.178072692166488
  _data_pid10: 2.8560162082047236
  _data_pid11: 2.865262499490094
  _data_pid12: 2.9520144677263644
  _data_pid13: 2.8084250030594347
  _data_pid14: 3.942387446799831
  _data_pid15: 3.852847993690766
  _data_pid16: 3.772214894687462
  _data_pid17: 3.578518689746135
  _data_pid18: 2.939640754388589
  _data_pid19: 3.3400187645323145
  _data_pid20: 3.0858137416205484
  _data_pid21: 2.6829201963477147
  _data_pid22: 3.6341324123302017
  _data_pid23: 2.754646941245258
  _data_pid24: 3.839454468814163
  _data_pid25: 3.0879213521341256
  _data_pid26: 2.860503378975565
  _data_pid27: 2.7719837374053276
  _data_pid28: 2.726160205594006
  _data_pid29: 2.6264906245325865
  _data_pid30: 3.248575663217437
  _data_pid31: 2.5730524998980187
  _data_pid32: 3.672681288497886
  _data_pid33: 3.413241233020138
  _data_pid34: 2.9530342792651916
  _data_pid35: 3.1021987136777125
  _data_pid36: 2.5014617298723194
  average: 3.125
  size: 32
  standard: 0.41524503198951723
  std/ave: 13.287841023664551
  total(for debug): 100.0
clock:
  idle_average: 244197.72357723577
  idle_size: 246
  running_average: 190556.76113360323
  running_size: 247
counters:
  contextswitch: 40460
  worksteal: 0
cpu_usage:
  _data_pid00: 43.77720881357063
  _data_pid01: 41.696364631150225
  _data_pid02: 44.54379516519339
  _data_pid03: 44.58119359097706
  _data_pid04: 42.33097774496361
  _data_pid05: 45.111424541607896
  _data_pid06: 45.421717287146734
  average: 43.930791217784254
  standard: 1.3088274768979298
  std/ave: 2.9792941138016302
runtime:
  _data_pid00: 14.275049970765401
  _data_pid01: 13.419428089689026
  _data_pid02: 14.567056008049711
  _data_pid03: 14.554614307276015
  _data_pid04: 13.643038766435964
  _data_pid05: 14.677943516038235
  _data_pid06: 14.862869341745647
  average: 14.285714285714288
  standard: 0.5073755214353493
  std/ave: 3.551628650047444
  total(for debug): 100.00000000000001
time_response:
  average: 6454640.0
  size: 34
  standard: 6473061.338802403
  std/ave: 100.2853968432384
time_turnaround:
  average: 860800000.0
  size: 34
  standard: 167972785.466423
  std/ave: 19.513567084853975
