_environment:
  LOGSIZE: 500
  NCPU: 7
  NPROC: 15000
  date: 2023/12/05 05:07
  forknum: 32
  policy: multiple
  workload: yieldrepeat
balancing:
  _data_pid04: 0.9392503831684548
  _data_pid05: 2.2648042357531
  _data_pid06: 3.133063954298453
  _data_pid07: 3.5893827504528355
  _data_pid08: 2.9258743207468303
  _data_pid09: 3.0137243973805212
  _data_pid10: 2.9240629789605683
  _data_pid11: 2.8280618642887
  _data_pid12: 2.7292044029538802
  _data_pid13: 2.8605963494496307
  _data_pid14: 3.4741535460498816
  _data_pid15: 3.674306813431796
  _data_pid16: 3.9891319492824295
  _data_pid17: 2.8437369374390413
  _data_pid18: 3.8802424411313923
  _data_pid19: 3.5377595095443777
  _data_pid20: 2.9127769262923224
  _data_pid21: 2.7670335794900374
  _data_pid22: 2.705587292740699
  _data_pid23: 3.6743764804235752
  _data_pid24: 2.674794482374251
  _data_pid25: 3.2232827086526403
  _data_pid26: 3.977567228647067
  _data_pid27: 2.960289814685802
  _data_pid28: 2.8478472899540197
  _data_pid29: 2.5208304305420093
  _data_pid30: 3.6887278807301103
  _data_pid31: 3.3109237843109938
  _data_pid32: 2.612930193674237
  _data_pid33: 2.8890901490873624
  _data_pid34: 2.71143932005016
  _data_pid35: 2.9965863174028144
  _data_pid36: 2.9185592866100043
  average: 3.0303030303030303
  size: 33
  standard: 0.571920138298035
  std/ave: 18.873364563835153
  total(for debug): 100.00000000000001
clock:
  idle_average: 271208.22857142857
  idle_size: 245
  running_average: 188129.9512195122
  running_size: 246
counters:
  contextswitch: 40254
  worksteal: 0
cpu_usage:
  _data_pid00: 38.29596748589537
  _data_pid01: 40.71160745049555
  _data_pid02: 41.40867226650406
  _data_pid03: 43.454018655434986
  _data_pid04: 39.09792694965449
  _data_pid05: 42.948347510862426
  _data_pid06: 41.47072864472803
  average: 41.05527967713282
  standard: 1.7402086387173954
  std/ave: 4.238696344057949
runtime:
  _data_pid00: 13.529329803539083
  _data_pid01: 14.9330500209001
  _data_pid02: 14.524104779155635
  _data_pid03: 14.302145743346802
  _data_pid04: 13.796224049045563
  _data_pid05: 14.511564720635365
  _data_pid06: 14.403580883377456
  average: 14.285714285714286
  standard: 0.4396041571166824
  std/ave: 3.0772290998167766
  total(for debug): 100.0
time_response:
  average: 5664104.470588235
  size: 34
  standard: 5090203.1406536
  std/ave: 89.86774815127954
time_turnaround:
  average: 852876668.2352941
  size: 34
  standard: 167899434.9279019
  std/ave: 19.686250214266774
