_environment:
  LOGSIZE: 500
  NCPU: 7
  NPROC: 15000
  date: 2023/12/05 05:07
  forknum: 32
  policy: multiple
  workload: yieldrepeat
balancing:
  _data_pid05: 3.1413524552133523
  _data_pid06: 2.5167399382178943
  _data_pid07: 3.9253289150744846
  _data_pid08: 2.7483219716480116
  _data_pid09: 3.225203441185291
  _data_pid10: 3.710153971120833
  _data_pid11: 3.798039487291902
  _data_pid12: 3.1521784445810206
  _data_pid13: 2.8228935381619484
  _data_pid14: 2.8951788708963786
  _data_pid15: 2.70515249851731
  _data_pid16: 4.12288641049193
  _data_pid17: 3.8609781583983454
  _data_pid18: 3.631278905727822
  _data_pid19: 3.6215960332499084
  _data_pid20: 3.1507663590113246
  _data_pid21: 3.1731580016165015
  _data_pid22: 2.9849471678270425
  _data_pid23: 2.5569507558692326
  _data_pid24: 3.0186354949897862
  _data_pid25: 2.772125699822884
  _data_pid26: 3.332252975802233
  _data_pid27: 3.742094001863953
  _data_pid28: 2.798081177437293
  _data_pid29: 2.6553260505580427
  _data_pid30: 2.8354678239492404
  _data_pid31: 3.110757267869943
  _data_pid32: 2.745363316168649
  _data_pid33: 3.303271600538475
  _data_pid34: 2.8858322092683917
  _data_pid35: 2.839905807168284
  _data_pid36: 2.21778125046229
  average: 3.125
  size: 32
  standard: 0.4600731725270681
  std/ave: 14.722341520866177
  total(for debug): 100.0
clock:
  idle_average: 243629.47368421053
  idle_size: 247
  running_average: 193451.9674796748
  running_size: 246
counters:
  contextswitch: 40202
  worksteal: 0
cpu_usage:
  _data_pid00: 45.583681107578165
  _data_pid01: 43.43830642586906
  _data_pid02: 45.156942316452024
  _data_pid03: 45.00365064578665
  _data_pid04: 45.508376056938786
  _data_pid05: 40.85571222109375
  _data_pid06: 43.57494461964544
  average: 44.15987637769299
  standard: 1.573534507597594
  std/ave: 3.5632674651065206
runtime:
  _data_pid00: 14.806860315150603
  _data_pid01: 14.1824495246651
  _data_pid02: 14.665450031671062
  _data_pid03: 14.42344546189319
  _data_pid04: 14.635392781687537
  _data_pid05: 13.173144553182507
  _data_pid06: 14.113257331750004
  average: 14.285714285714288
  standard: 0.5120342859311762
  std/ave: 3.5842400015182325
  total(for debug): 100.00000000000001
time_response:
  average: 5953572.705882353
  size: 34
  standard: 5066265.702334305
  std/ave: 85.09622629330865
time_turnaround:
  average: 861921132.2352941
  size: 34
  standard: 167364674.95270145
  std/ave: 19.417632158369326
