_environment:
  LOGSIZE: 500
  NCPU: 7
  NPROC: 15000
  date: 2023/12/05 05:07
  forknum: 32
  policy: multiple
  workload: yieldrepeat
balancing:
  _data_pid04: 0.8908096180750918
  _data_pid05: 3.0138680437955605
  _data_pid06: 3.517222594415089
  _data_pid07: 3.1698680603034983
  _data_pid08: 2.7976828357336334
  _data_pid09: 3.1217199070603074
  _data_pid10: 2.7463706609916043
  _data_pid11: 2.7215399705333305
  _data_pid12: 3.0856087921279145
  _data_pid13: 2.432926183378432
  _data_pid14: 3.1280479500579843
  _data_pid15: 3.7365718239758547
  _data_pid16: 3.654651180386368
  _data_pid17: 3.6246617592234665
  _data_pid18: 2.1487832961675446
  _data_pid19: 2.890264856112683
  _data_pid20: 2.844386544379528
  _data_pid21: 2.793418285017808
  _data_pid22: 3.776809923471949
  _data_pid23: 2.6186404887450254
  _data_pid24: 4.1071750377963
  _data_pid25: 2.7149367952314067
  _data_pid26: 3.5282278865849612
  _data_pid27: 2.74093679798273
  _data_pid28: 2.9095241174099598
  _data_pid29: 3.0920744012777144
  _data_pid30: 3.7212331980140947
  _data_pid31: 3.3818575007256615
  _data_pid32: 2.847344216650182
  _data_pid33: 3.5922649303984056
  _data_pid34: 2.635492342380142
  _data_pid35: 3.2752437328300243
  _data_pid36: 2.7398362687657425
  average: 3.0303030303030303
  size: 33
  standard: 0.5814773668197748
  std/ave: 19.18875310505257
  total(for debug): 99.99999999999997
clock:
  idle_average: 273912.7154471545
  idle_size: 246
  running_average: 193914.3836734694
  running_size: 245
counters:
  contextswitch: 40442
  worksteal: 0
cpu_usage:
  _data_pid00: 42.84250058833025
  _data_pid01: 43.151321960603504
  _data_pid02: 40.474972128560786
  _data_pid03: 39.67957224638453
  _data_pid04: 41.30706893816075
  _data_pid05: 40.07999783789627
  _data_pid06: 41.97653280449512
  average: 41.351190033537016
  standard: 1.255586136290368
  std/ave: 3.036396619473469
runtime:
  _data_pid00: 13.894800412148193
  _data_pid01: 14.41878988558623
  _data_pid02: 14.308805746963571
  _data_pid03: 13.742101983291215
  _data_pid04: 14.504493598359112
  _data_pid05: 14.280742251930398
  _data_pid06: 14.850266121721283
  average: 14.285714285714286
  standard: 0.3450006639861574
  std/ave: 2.4150046479031015
  total(for debug): 100.0
time_response:
  average: 5696454.588235294
  size: 34
  standard: 4642522.745141748
  std/ave: 81.4984596687526
time_turnaround:
  average: 858350116.7058823
  size: 34
  standard: 166387364.13463932
  std/ave: 19.38455659249974
