_environment:
  LOGSIZE: 500
  NCPU: 7
  NPROC: 15000
  date: 2023/12/05 05:07
  forknum: 32
  policy: multiple
  workload: yieldrepeat
balancing:
  _data_pid04: 0.8960509957030994
  _data_pid05: 2.8127521975265557
  _data_pid06: 2.7337530263703185
  _data_pid07: 3.7113251684952124
  _data_pid08: 2.347550003271752
  _data_pid09: 2.920720003489868
  _data_pid10: 3.195547145941937
  _data_pid11: 2.9686375335354547
  _data_pid12: 3.2677301677318034
  _data_pid13: 3.0823309049665193
  _data_pid14: 3.139313913669379
  _data_pid15: 3.4152316400200666
  _data_pid16: 3.545556415905075
  _data_pid17: 3.8147261543830564
  _data_pid18: 3.1364511309355025
  _data_pid19: 3.167669095033481
  _data_pid20: 2.6520955569611973
  _data_pid21: 2.6912884158178287
  _data_pid22: 2.517408445481711
  _data_pid23: 3.8527602678474056
  _data_pid24: 3.7881431718542107
  _data_pid25: 2.9479846009553516
  _data_pid26: 3.3653374266582325
  _data_pid27: 2.8462194909154364
  _data_pid28: 3.0199631382642265
  _data_pid29: 2.6424847863546144
  _data_pid30: 3.93373612231989
  _data_pid31: 3.5487600061072695
  _data_pid32: 2.6834498440465024
  _data_pid33: 3.0192815233275896
  _data_pid34: 2.936465308526185
  _data_pid35: 2.764970990468297
  _data_pid36: 2.6343054071149696
  average: 3.0303030303030303
  size: 33
  standard: 0.5589515521456222
  std/ave: 18.445401220805532
  total(for debug): 100.00000000000001
clock:
  idle_average: 277990.0081632653
  idle_size: 245
  running_average: 189132.74796747966
  running_size: 246
counters:
  contextswitch: 40458
  worksteal: 0
cpu_usage:
  _data_pid00: 40.70187067314774
  _data_pid01: 38.93120302180928
  _data_pid02: 39.867723221923264
  _data_pid03: 40.12999913959655
  _data_pid04: 41.573456867214084
  _data_pid05: 41.055591438344806
  _data_pid06: 41.80174207043889
  average: 40.5870610629595
  standard: 0.9372716465212982
  std/ave: 2.309286807111712
runtime:
  _data_pid00: 14.314390799834232
  _data_pid01: 14.159664209217615
  _data_pid02: 13.977877505616506
  _data_pid03: 13.988101729666063
  _data_pid04: 14.52173806355923
  _data_pid05: 14.341041943856741
  _data_pid06: 14.697185748249614
  average: 14.285714285714283
  standard: 0.24730687093744871
  std/ave: 1.7311480965621413
  total(for debug): 99.99999999999999
time_response:
  average: 6621074.823529412
  size: 34
  standard: 7041539.929477896
  std/ave: 106.35040559357931
time_turnaround:
  average: 866414324.7058823
  size: 34
  standard: 169692135.84238997
  std/ave: 19.58556443535194
