_environment:
  LOGSIZE: 500
  NCPU: 7
  NPROC: '5000'
  date: 2023/12/11 07:08
  forknum: '32'
  policy: default
  workload: yieldrepeat
balancing:
  _data_pid05: 2.8928692231074145
  _data_pid06: 3.233454343668312
  _data_pid07: 3.1282392606575087
  _data_pid08: 2.722498725728439
  _data_pid09: 3.952190266279891
  _data_pid10: 2.957868763278533
  _data_pid11: 2.8576416545734267
  _data_pid12: 2.4338197127862045
  _data_pid13: 2.9030010459158624
  _data_pid14: 2.6571874371632145
  _data_pid15: 4.686045986005614
  _data_pid16: 3.295804022489529
  _data_pid17: 2.6052813295445514
  _data_pid18: 2.5959288777213687
  _data_pid19: 2.5052100950364977
  _data_pid20: 3.4248678576494482
  _data_pid21: 2.7009880865351192
  _data_pid22: 4.639595475283808
  _data_pid23: 3.0149187193999465
  _data_pid24: 2.627415465526083
  _data_pid25: 2.898636568398377
  _data_pid26: 3.1430473093775473
  _data_pid27: 3.1533350063830485
  _data_pid28: 3.082256372526861
  _data_pid29: 3.8273350344404036
  _data_pid30: 3.1173280668637955
  _data_pid31: 3.229713362939039
  _data_pid32: 2.3695995436003514
  _data_pid33: 3.0546666396484725
  _data_pid34: 4.257080195715641
  _data_pid35: 2.828649053921561
  _data_pid36: 3.2035264978341282
  average: 3.125
  size: 32
  standard: 0.5725618784309392
  std/ave: 18.321980109790054
  total: 100.0
clock:
  idle_average: 422403.40983606555
  idle_size: 244
  running_average: 95400.99598393575
  running_size: 249
counters:
  contextswitch: 37379
  worksteal: 0
cpu_usage:
  _data_pid00: 21.68040485210699
  _data_pid01: 17.835258333821912
  _data_pid02: 18.607079698648395
  _data_pid03: 19.71737717373688
  _data_pid04: 20.675786651318514
  _data_pid05: 15.670021606018347
  _data_pid06: 17.125100100971416
  average: 18.75871834523178
  size: 7
  standard: 1.9351987151839938
  std/ave: 10.316262974735135
  total: 131.31102841662246
runtime:
  _data_pid00: 11.466417683615909
  _data_pid01: 13.353586587337091
  _data_pid02: 16.581117711517386
  _data_pid03: 15.744540895933708
  _data_pid04: 13.491535251729033
  _data_pid05: 14.029457105759082
  _data_pid06: 15.333344764107784
  average: 14.285714285714283
  size: 7
  standard: 1.6039355634597963
  std/ave: 11.227548944218576
  total: 99.99999999999999
time_response:
  average: 6215844.705882353
  size: 34
  standard: 2039295.6133734528
  std/ave: 32.808020629015545
  total: 211338720
time_turnaround:
  average: 1089488330.3529413
  size: 34
  standard: 199895802.84725055
  std/ave: 18.34767727915856
  total: 37042603232
