_environment:
  LOGSIZE: 500
  NCPU: 7
  NPROC: '5000'
  date: 2023/12/07 03:00
  forknum: '32'
  policy: default
  workload: yieldrepeat
balancing:
  _data_pid05: 2.988364690632694
  _data_pid06: 4.53309198567254
  _data_pid07: 2.6479724495509247
  _data_pid08: 2.4054487302402996
  _data_pid09: 2.7091786253921257
  _data_pid10: 2.6788056358769436
  _data_pid11: 2.294541298828799
  _data_pid12: 3.584779757476281
  _data_pid13: 2.5212649276340517
  _data_pid14: 3.2569662292240316
  _data_pid15: 4.526802629257779
  _data_pid16: 2.475091847613496
  _data_pid17: 2.516509560588745
  _data_pid18: 2.5389058053827687
  _data_pid19: 3.9777878339303108
  _data_pid20: 3.072427308078755
  _data_pid21: 3.260494404773775
  _data_pid22: 3.0653709569792684
  _data_pid23: 2.644290875064236
  _data_pid24: 3.038679541950774
  _data_pid25: 4.396873729665053
  _data_pid26: 3.543515443437977
  _data_pid27: 3.3681804585094226
  _data_pid28: 2.7185359605457933
  _data_pid29: 4.316646085642627
  _data_pid30: 3.16001810107456
  _data_pid31: 3.0153629035350784
  _data_pid32: 2.6972135083103876
  _data_pid33: 3.0629165739881423
  _data_pid34: 3.015823100345915
  _data_pid35: 3.066137951663995
  _data_pid36: 2.9020010891324524
  average: 3.125
  size: 32
  standard: 0.6173463320100198
  std/ave: 19.755082624320632
  total: 100.0
clock:
  idle_average: 429570.4918032787
  idle_size: 244
  running_average: 95093.84738955823
  running_size: 249
counters:
  contextswitch: 37265
  worksteal: 0
cpu_usage:
  _data_pid00: 20.727392900005217
  _data_pid01: 22.391245857996545
  _data_pid02: 19.247195401784406
  _data_pid03: 16.713877582153927
  _data_pid04: 14.828010590328052
  _data_pid05: 18.72881688163114
  _data_pid06: 16.46824123305375
  average: 18.443540063850435
  size: 7
  standard: 2.434666322832532
  std/ave: 13.200645398897729
  total: 129.10478044695304
runtime:
  _data_pid00: 13.543131946095613
  _data_pid01: 16.960706862301443
  _data_pid02: 17.151688538798425
  _data_pid03: 11.285559791070648
  _data_pid04: 13.196143550725193
  _data_pid05: 13.300301428911098
  _data_pid06: 14.562467882097577
  average: 14.285714285714286
  size: 7
  standard: 1.9696462577612517
  std/ave: 13.78752380432876
  total: 100.0
time_response:
  average: 6296732.235294118
  size: 34
  standard: 1921034.8601970186
  std/ave: 30.50844133770424
  total: 214088896
time_turnaround:
  average: 1099444284.235294
  size: 34
  standard: 203049108.09385577
  std/ave: 18.46833996095439
  total: 37381105664
