_environment:
  LOGSIZE: 500
  NCPU: 7
  NPROC: 5000
  date: 2023/12/05 05:10
  forknum: 32
  policy: default
  workload: yieldrepeat
balancing:
  _data_pid05: 3.5014340523899117
  _data_pid06: 2.653184919814889
  _data_pid07: 4.0461784421393325
  _data_pid08: 2.938491409973545
  _data_pid09: 3.6199482928986204
  _data_pid10: 4.318701035796415
  _data_pid11: 3.499478868219083
  _data_pid12: 3.178227069073649
  _data_pid13: 2.2835047127458457
  _data_pid14: 3.2626007859840365
  _data_pid15: 4.133108938350035
  _data_pid16: 3.3171955439848757
  _data_pid17: 3.199884493735139
  _data_pid18: 4.064978289935764
  _data_pid19: 3.0667815713363984
  _data_pid20: 3.402471653589492
  _data_pid21: 2.5852046701829905
  _data_pid22: 2.757260877215938
  _data_pid23: 3.221241120831886
  _data_pid24: 3.038957796597679
  _data_pid25: 2.8535160979336713
  _data_pid26: 2.9257075134719708
  _data_pid27: 2.714246825457701
  _data_pid28: 2.8643448102644165
  _data_pid29: 2.6137804388335675
  _data_pid30: 3.039408992944793
  _data_pid31: 2.0230140216784807
  _data_pid32: 2.394649412918353
  _data_pid33: 2.5567793003147843
  _data_pid34: 2.958945644376063
  _data_pid35: 3.9463136506446848
  _data_pid36: 3.020458746365989
  average: 3.125
  size: 32
  standard: 0.5493233253447598
  std/ave: 17.578346411032314
  total(for debug): 100.00000000000003
clock:
  idle_average: 435744.13168724277
  idle_size: 243
  running_average: 107503.488
  running_size: 250
counters:
  contextswitch: 37405
  worksteal: 0
cpu_usage:
  _data_pid00: 27.412412286230513
  _data_pid01: 23.383511676017243
  _data_pid02: 14.790771372199249
  _data_pid03: 23.616699526549443
  _data_pid04: 16.20952164140689
  _data_pid05: 16.512416384129022
  _data_pid06: 19.728255551034493
  average: 20.2436943860675
  standard: 4.356000204536419
  std/ave: 21.51781251713812
runtime:
  _data_pid00: 13.042131210905715
  _data_pid01: 14.812926474547261
  _data_pid02: 13.168766985662483
  _data_pid03: 15.881810620861215
  _data_pid04: 14.349848623625544
  _data_pid05: 14.906023320835192
  _data_pid06: 13.838492763562584
  average: 14.285714285714286
  standard: 0.9417650556568536
  std/ave: 6.592355389597976
  total(for debug): 100.0
time_response:
  average: 6247660.235294118
  size: 34
  standard: 2022105.2591184017
  std/ave: 32.365800683193015
time_turnaround:
  average: 1162690906.3529413
  size: 34
  standard: 215727520.5416895
  std/ave: 18.554159094472542
