_environment:
  LOGSIZE: 500
  NCPU: 7
  NPROC: 5000
  date: 2023/12/05 05:12
  forknum: 32
  policy: default
  workload: yieldrepeat
balancing:
  _data_pid05: 3.4822864473427346
  _data_pid06: 2.810804445973122
  _data_pid07: 3.87550779470685
  _data_pid08: 4.121852137618175
  _data_pid09: 3.5811340516052663
  _data_pid10: 4.065146458683871
  _data_pid11: 3.7873506053253756
  _data_pid12: 2.7004917590845285
  _data_pid13: 2.9623294568959375
  _data_pid14: 3.7143769037459835
  _data_pid15: 3.6756435164957755
  _data_pid16: 3.315577948617838
  _data_pid17: 3.16172893446001
  _data_pid18: 2.792212420093022
  _data_pid19: 2.7635497135278677
  _data_pid20: 2.3472432673626282
  _data_pid21: 2.366919828085734
  _data_pid22: 2.0872647721392292
  _data_pid23: 2.5402904694176667
  _data_pid24: 2.8455095609493086
  _data_pid25: 2.4037940127479325
  _data_pid26: 2.50000774667745
  _data_pid27: 2.66361757442233
  _data_pid28: 3.8456056197496897
  _data_pid29: 2.3161016240134606
  _data_pid30: 3.9924826242024793
  _data_pid31: 2.783071340701973
  _data_pid32: 3.411636748998355
  _data_pid33: 3.9690876583033536
  _data_pid34: 3.8820150037648853
  _data_pid35: 2.3647507583997225
  _data_pid36: 2.8706087958874438
  average: 3.125
  size: 32
  standard: 0.6200768347960754
  std/ave: 19.842458713474414
  total(for debug): 100.00000000000001
clock:
  idle_average: 462545.11020408163
  idle_size: 245
  running_average: 84594.83870967742
  running_size: 248
counters:
  contextswitch: 37373
  worksteal: 0
cpu_usage:
  _data_pid00: 19.25043235410007
  _data_pid01: 14.08540122087216
  _data_pid02: 12.957860860635796
  _data_pid03: 20.360086418107652
  _data_pid04: 13.620234088178082
  _data_pid05: 15.735965717057189
  _data_pid06: 13.204182882167082
  average: 15.621027641124993
  standard: 2.801514556124879
  std/ave: 17.934252601598498
runtime:
  _data_pid00: 18.09097078263133
  _data_pid01: 13.130928144918643
  _data_pid02: 11.964898255138372
  _data_pid03: 19.171012552716142
  _data_pid04: 12.714311831655403
  _data_pid05: 14.376593878885346
  _data_pid06: 10.551284554054766
  average: 14.285714285714286
  standard: 2.9638142518776704
  std/ave: 20.746699763143692
  total(for debug): 100.0
time_response:
  average: 6309984.94117647
  size: 34
  standard: 1556025.4580197916
  std/ave: 24.65973330404933
time_turnaround:
  average: 1164730548.7058823
  size: 34
  standard: 214906277.05521792
  std/ave: 18.4511582781097
