_environment:
  LOGSIZE: 500
  NCPU: 7
  NPROC: 5000
  date: 2023/12/05 06:09
  forknum: 32
  policy: default
  workload: yieldrepeat
balancing:
  _data_pid05: 3.9768644210711828
  _data_pid06: 2.686540860246093
  _data_pid07: 2.585812669874371
  _data_pid08: 3.3027603778142742
  _data_pid09: 2.692617975803964
  _data_pid10: 3.7501880107625714
  _data_pid11: 2.7483755110474366
  _data_pid12: 2.3418164802258254
  _data_pid13: 3.089453621732981
  _data_pid14: 4.061944038881386
  _data_pid15: 3.728310394754234
  _data_pid16: 3.6657161045081565
  _data_pid17: 3.0621066017225584
  _data_pid18: 2.78514206017256
  _data_pid19: 2.795928940287782
  _data_pid20: 4.411682039236896
  _data_pid21: 3.2483701935713234
  _data_pid22: 3.3228148591552507
  _data_pid23: 2.932664040339893
  _data_pid24: 2.008182836098674
  _data_pid25: 3.847421859688518
  _data_pid26: 3.034759581712136
  _data_pid27: 3.575926722140603
  _data_pid28: 3.104494482738713
  _data_pid29: 2.7729878290568166
  _data_pid30: 2.959707204572422
  _data_pid31: 2.757339256495297
  _data_pid32: 2.8606502209791147
  _data_pid33: 2.696568100916581
  _data_pid34: 2.851686475531254
  _data_pid35: 4.141554252689503
  _data_pid36: 2.1996119761716297
  average: 3.125
  size: 32
  standard: 0.5746941084636524
  std/ave: 18.390211470836878
  total(for debug): 100.00000000000001
clock:
  idle_average: 430526.95510204084
  idle_size: 245
  running_average: 101287.09677419355
  running_size: 248
counters:
  contextswitch: 37165
  worksteal: 0
cpu_usage:
  _data_pid00: 25.226945281250945
  _data_pid01: 19.81294968909755
  _data_pid02: 15.26694353748002
  _data_pid03: 21.210915650401322
  _data_pid04: 18.78326760252627
  _data_pid05: 18.58646611063247
  _data_pid06: 15.637775443837358
  average: 19.23394043463229
  standard: 3.1498658891403264
  std/ave: 16.376602079253267
runtime:
  _data_pid00: 12.398379233280716
  _data_pid01: 14.657091158252648
  _data_pid02: 13.582657127620944
  _data_pid03: 18.95437149711261
  _data_pid04: 13.28518232106313
  _data_pid05: 13.029487683965682
  _data_pid06: 14.092830978704269
  average: 14.285714285714286
  standard: 2.0215615380210186
  std/ave: 14.15093076614713
  total(for debug): 100.0
time_response:
  average: 6175687.529411765
  size: 34
  standard: 1900102.2969711584
  std/ave: 30.76746172668071
time_turnaround:
  average: 1137852644.7058823
  size: 34
  standard: 211740259.06082898
  std/ave: 18.608759231346745
