_environment:
  LOGSIZE: 500
  NCPU: 7
  NPROC: 5000
  date: 2023/12/05 05:10
  forknum: 32
  policy: default
  workload: yieldrepeat
balancing:
  _data_pid05: 3.5464857579529117
  _data_pid06: 2.678001405825794
  _data_pid07: 2.7352339926097415
  _data_pid08: 2.3942567502208694
  _data_pid09: 3.216632595812187
  _data_pid10: 3.5713134153183423
  _data_pid11: 3.6491819770553753
  _data_pid12: 3.284828044289961
  _data_pid13: 3.237429789319593
  _data_pid14: 3.547291850724516
  _data_pid15: 4.12380940097634
  _data_pid16: 3.5837272440010572
  _data_pid17: 3.6843276218973484
  _data_pid18: 3.61871167028871
  _data_pid19: 3.9016502331220297
  _data_pid20: 3.212924569062804
  _data_pid21: 3.385589640740574
  _data_pid22: 3.452011685120817
  _data_pid23: 3.356247863854155
  _data_pid24: 3.5142420470887155
  _data_pid25: 2.9877022486763956
  _data_pid26: 2.9812535065035566
  _data_pid27: 2.930308443338127
  _data_pid28: 2.9109622168196094
  _data_pid29: 2.684772585107275
  _data_pid30: 2.8234205418233174
  _data_pid31: 2.841638238461588
  _data_pid32: 2.571597159973947
  _data_pid33: 1.999916166351753
  _data_pid34: 2.34492387259865
  _data_pid35: 2.7673164849196166
  _data_pid36: 2.462290980144323
  average: 3.125
  size: 32
  standard: 0.4922401974526545
  std/ave: 15.751686318484944
  total(for debug): 100.0
clock:
  idle_average: 448179.3306122449
  idle_size: 245
  running_average: 94590.83870967742
  running_size: 248
counters:
  contextswitch: 36955
  worksteal: 0
cpu_usage:
  _data_pid00: 19.890148801436137
  _data_pid01: 16.2069148346484
  _data_pid02: 12.08212134959393
  _data_pid03: 21.122306698997548
  _data_pid04: 17.234554820117665
  _data_pid05: 18.877380764992918
  _data_pid06: 17.23544013748329
  average: 17.603252480758574
  standard: 2.723991607166839
  std/ave: 15.474365377331987
runtime:
  _data_pid00: 15.688983613746139
  _data_pid01: 15.322695058328872
  _data_pid02: 10.948835679600693
  _data_pid03: 11.57694316723523
  _data_pid04: 16.468152886779432
  _data_pid05: 15.44248044418936
  _data_pid06: 14.551909150120268
  average: 14.285714285714283
  standard: 1.9888510549941956
  std/ave: 13.921957384959372
  total(for debug): 99.99999999999999
time_response:
  average: 5919615.05882353
  size: 34
  standard: 1997492.1317129422
  std/ave: 33.74361528348983
time_turnaround:
  average: 1163635274.3529413
  size: 34
  standard: 212726708.12090734
  std/ave: 18.281218592242965
