_environment:
  LOGSIZE: 500
  NCPU: 7
  NPROC: 5000
  date: 2023/12/05 05:11
  forknum: 32
  policy: default
  workload: yieldrepeat
balancing:
  _data_pid05: 2.916226699792372
  _data_pid06: 2.6345448333330754
  _data_pid07: 2.46541203316487
  _data_pid08: 3.1371506224983725
  _data_pid09: 4.378591559747631
  _data_pid10: 4.885526159154892
  _data_pid11: 2.98471466183489
  _data_pid12: 3.0930895182498004
  _data_pid13: 3.982660022973614
  _data_pid14: 3.870883958511446
  _data_pid15: 3.095253923370783
  _data_pid16: 2.967554021232814
  _data_pid17: 2.904940873090106
  _data_pid18: 2.8387719165343546
  _data_pid19: 4.966691351191737
  _data_pid20: 3.3559101400833917
  _data_pid21: 3.297625802182648
  _data_pid22: 3.048564612903874
  _data_pid23: 3.0889153083736196
  _data_pid24: 2.6629913006374175
  _data_pid25: 2.6263510139464987
  _data_pid26: 2.4099105018482474
  _data_pid27: 2.5502876339805423
  _data_pid28: 3.3249900669264982
  _data_pid29: 3.0038851071921635
  _data_pid30: 2.464175230238595
  _data_pid31: 3.1274107994539517
  _data_pid32: 2.4321729545212105
  _data_pid33: 2.057421667859666
  _data_pid34: 2.6314528260173864
  _data_pid35: 3.7411742516182795
  _data_pid36: 3.0547486275352527
  average: 3.125
  size: 32
  standard: 0.670448952203114
  std/ave: 21.454366470499647
  total(for debug): 100.00000000000001
clock:
  idle_average: 450935.7037037037
  idle_size: 243
  running_average: 107006.08
  running_size: 250
counters:
  contextswitch: 37105
  worksteal: 0
cpu_usage:
  _data_pid00: 22.592427573308004
  _data_pid01: 15.004432844890275
  _data_pid02: 19.84051451604405
  _data_pid03: 21.844790393149623
  _data_pid04: 18.26596406244886
  _data_pid05: 18.66932578110131
  _data_pid06: 21.10326273100463
  average: 19.622780485217163
  standard: 2.392683169636603
  std/ave: 12.193395178828672
runtime:
  _data_pid00: 14.046834634810745
  _data_pid01: 13.972008057771065
  _data_pid02: 15.031638964857791
  _data_pid03: 17.999192986090605
  _data_pid04: 13.252807156141733
  _data_pid05: 13.831012524175632
  _data_pid06: 11.86650567615243
  average: 14.285714285714286
  standard: 1.7577592837398932
  std/ave: 12.304314986179252
  total(for debug): 100.0
time_response:
  average: 5948527.05882353
  size: 34
  standard: 1769951.3882247284
  std/ave: 29.754447962026763
time_turnaround:
  average: 1154090579.764706
  size: 34
  standard: 211917535.5595034
  std/ave: 18.362296623433906
