_environment:
  LOGSIZE: 500
  NCPU: 7
  NPROC: 5000
  date: 2023/12/05 06:09
  forknum: 32
  policy: default
  workload: yieldrepeat
balancing:
  _data_pid05: 4.045649784932161
  _data_pid06: 3.753565438156962
  _data_pid07: 3.5687867008015197
  _data_pid08: 3.3868998876715746
  _data_pid09: 2.8952727693370797
  _data_pid10: 2.603645042176432
  _data_pid11: 2.8187128806305006
  _data_pid12: 2.8581343740201706
  _data_pid13: 2.7677236903388422
  _data_pid14: 3.0681793967141653
  _data_pid15: 2.9844658007129357
  _data_pid16: 2.7327161865565097
  _data_pid17: 2.520388065789754
  _data_pid18: 1.9560062222032808
  _data_pid19: 2.4290641428793216
  _data_pid20: 2.8386519371326115
  _data_pid21: 4.044736545703057
  _data_pid22: 3.4400199694978095
  _data_pid23: 3.2404771979385147
  _data_pid24: 2.7741163649425724
  _data_pid25: 3.090097138212669
  _data_pid26: 4.694049637596233
  _data_pid27: 3.5981625626710425
  _data_pid28: 4.485070060669527
  _data_pid29: 2.9363685346467743
  _data_pid30: 3.095880986663663
  _data_pid31: 2.6929902800904717
  _data_pid32: 3.5005981716950636
  _data_pid33: 2.8162775760195555
  _data_pid34: 2.8975558674098405
  _data_pid35: 3.0333240994700166
  _data_pid36: 2.4324126867193705
  average: 3.125
  size: 32
  standard: 0.592095127007542
  std/ave: 18.947044064241343
  total(for debug): 99.99999999999999
clock:
  idle_average: 436699.1673469388
  idle_size: 245
  running_average: 93422.19354838709
  running_size: 248
counters:
  contextswitch: 37443
  worksteal: 0
cpu_usage:
  _data_pid00: 15.584455412987216
  _data_pid01: 18.73128432806152
  _data_pid02: 15.232591596265777
  _data_pid03: 19.233760984242473
  _data_pid04: 20.371440934046447
  _data_pid05: 21.584989007898535
  _data_pid06: 13.906337565711889
  average: 17.80017209588199
  standard: 2.6865332673104336
  std/ave: 15.092737602980558
runtime:
  _data_pid00: 13.922332047695441
  _data_pid01: 15.306346099403045
  _data_pid02: 12.340753909424933
  _data_pid03: 17.237086036267772
  _data_pid04: 14.501630132023951
  _data_pid05: 14.37925607532397
  _data_pid06: 12.312595699860882
  average: 14.285714285714283
  standard: 1.5863601058601824
  std/ave: 11.104520741021279
  total(for debug): 99.99999999999999
time_response:
  average: 6302429.176470588
  size: 34
  standard: 1582708.965578293
  std/ave: 25.11268149568676
time_turnaround:
  average: 1141539459.764706
  size: 34
  standard: 211134753.76173156
  std/ave: 18.495615894456304
