_environment:
  LOGSIZE: 500
  NCPU: 7
  NPROC: 5000
  date: 2023/12/05 05:11
  forknum: 32
  policy: default
  workload: yieldrepeat
balancing:
  _data_pid05: 3.7468412765467183
  _data_pid06: 2.9749222320365605
  _data_pid07: 3.1661738161987785
  _data_pid08: 3.3122623756672684
  _data_pid09: 3.040976996044395
  _data_pid10: 3.055416874687968
  _data_pid11: 3.132531971273859
  _data_pid12: 2.445101578401628
  _data_pid13: 2.660317216482968
  _data_pid14: 3.0938208072506623
  _data_pid15: 2.9320634432965935
  _data_pid16: 3.056031337608971
  _data_pid17: 2.659549137831714
  _data_pid18: 3.273397595913822
  _data_pid19: 2.8664695264795115
  _data_pid20: 2.656015976035946
  _data_pid21: 3.001651369100196
  _data_pid22: 2.3120703560044547
  _data_pid23: 3.809823725949537
  _data_pid24: 4.092937516801721
  _data_pid25: 3.058181957832482
  _data_pid26: 4.151004262836514
  _data_pid27: 3.074004378048312
  _data_pid28: 2.90963554667998
  _data_pid29: 2.9604823533929876
  _data_pid30: 3.156342409462729
  _data_pid31: 2.9853681016936133
  _data_pid32: 3.5386919620569146
  _data_pid33: 3.1807673105726026
  _data_pid34: 3.158646645416491
  _data_pid35: 3.179692000460847
  _data_pid36: 3.358807941933254
  average: 3.125
  size: 32
  standard: 0.4020727656986877
  std/ave: 12.866328502358007
  total(for debug): 100.0
clock:
  idle_average: 439929.4156378601
  idle_size: 243
  running_average: 100305.92
  running_size: 250
counters:
  contextswitch: 37023
  worksteal: 0
cpu_usage:
  _data_pid00: 16.2413421686495
  _data_pid01: 17.967132670534415
  _data_pid02: 21.709983533366152
  _data_pid03: 19.558479645383027
  _data_pid04: 24.880210324564757
  _data_pid05: 18.536036987887652
  _data_pid06: 14.036826386532601
  average: 19.00030889685997
  standard: 3.28977180228051
  std/ave: 17.31430694173706
runtime:
  _data_pid00: 14.314835439148968
  _data_pid01: 16.198778754944506
  _data_pid02: 16.181112945965666
  _data_pid03: 15.729021851837627
  _data_pid04: 10.964476362379507
  _data_pid05: 13.774722531587235
  _data_pid06: 12.837052114136489
  average: 14.285714285714283
  standard: 1.8018519251141718
  std/ave: 12.612963475799205
  total(for debug): 99.99999999999999
time_response:
  average: 5899836.235294118
  size: 34
  standard: 1556070.4720291065
  std/ave: 26.374807875519508
time_turnaround:
  average: 1157798466.8235295
  size: 34
  standard: 214654563.39186883
  std/ave: 18.539890105467403
