_environment:
  LOGSIZE: 500
  NCPU: 7
  NPROC: 5000
  date: 2023/12/05 05:11
  forknum: 32
  policy: default
  workload: yieldrepeat
balancing:
  _data_pid05: 3.224385543182983
  _data_pid06: 3.8263269696518694
  _data_pid07: 3.038872126533981
  _data_pid08: 3.7813767981947772
  _data_pid09: 3.6871167396543196
  _data_pid10: 3.9117172619181844
  _data_pid11: 3.284820221864425
  _data_pid12: 2.708135079023604
  _data_pid13: 2.7236195862479535
  _data_pid14: 2.6433406847158896
  _data_pid15: 2.64950442060131
  _data_pid16: 2.568774514004459
  _data_pid17: 2.603201233949857
  _data_pid18: 2.609665639878469
  _data_pid19: 2.440989745648177
  _data_pid20: 2.954834849462026
  _data_pid21: 2.1401693674353295
  _data_pid22: 2.0128356041438344
  _data_pid23: 3.8347457308612243
  _data_pid24: 4.189536381826901
  _data_pid25: 2.574036239760306
  _data_pid26: 2.692049231712872
  _data_pid27: 2.610417314986447
  _data_pid28: 3.101561830539357
  _data_pid29: 2.8968055311261143
  _data_pid30: 4.5133580183438795
  _data_pid31: 2.549982636305006
  _data_pid32: 3.8371510912067546
  _data_pid33: 4.534855926432054
  _data_pid34: 3.597366731761731
  _data_pid35: 2.8542607200145524
  _data_pid36: 3.4041862290113514
  average: 3.125
  size: 32
  standard: 0.6571023407879347
  std/ave: 21.02727490521391
  total(for debug): 100.0
clock:
  idle_average: 455126.95081967214
  idle_size: 244
  running_average: 96187.11646586345
  running_size: 249
counters:
  contextswitch: 37207
  worksteal: 0
cpu_usage:
  _data_pid00: 24.49694291024437
  _data_pid01: 20.178412838857287
  _data_pid02: 13.165016954532755
  _data_pid03: 16.789830672423772
  _data_pid04: 18.14261561478957
  _data_pid05: 18.780955397273566
  _data_pid06: 12.639643614569682
  average: 17.740973201140893
  standard: 3.7927511598947814
  std/ave: 21.378484240373442
runtime:
  _data_pid00: 14.636166697485345
  _data_pid01: 16.14342562400309
  _data_pid02: 11.971027434638092
  _data_pid03: 15.13467762909644
  _data_pid04: 16.26128828093406
  _data_pid05: 14.268447234662446
  _data_pid06: 11.584967099180524
  average: 14.285714285714286
  standard: 1.7258392746505866
  std/ave: 12.080874922554106
  total(for debug): 100.0
time_response:
  average: 6152048.0
  size: 34
  standard: 2001589.0457028502
  std/ave: 32.53532881575128
time_turnaround:
  average: 1157422920.4705882
  size: 34
  standard: 213932246.8379753
  std/ave: 18.48349838717503
