_environment:
  LOGSIZE: 500
  NCPU: 7
  NPROC: 5000
  date: 2023/12/05 05:11
  forknum: 32
  policy: default
  workload: yieldrepeat
balancing:
  _data_pid05: 2.7849029496715105
  _data_pid06: 2.3907154936322415
  _data_pid07: 2.7855015638796186
  _data_pid08: 4.432438903937385
  _data_pid09: 2.9596982984391134
  _data_pid10: 3.4754044387243535
  _data_pid11: 5.176965325271995
  _data_pid12: 3.5000972748088173
  _data_pid13: 2.945780518100597
  _data_pid14: 4.819592643031383
  _data_pid15: 3.5853997994642404
  _data_pid16: 3.19585160353781
  _data_pid17: 3.2036335882432168
  _data_pid18: 2.541416620523488
  _data_pid19: 4.284880501638706
  _data_pid20: 2.958650723574924
  _data_pid21: 2.953412849253977
  _data_pid22: 2.987533859116146
  _data_pid23: 2.9737657323296567
  _data_pid24: 2.861824875413418
  _data_pid25: 2.944882596788435
  _data_pid26: 2.6620373834572963
  _data_pid27: 2.2599182891605936
  _data_pid28: 2.790589784648539
  _data_pid29: 2.5554840544140314
  _data_pid30: 2.3844300444471047
  _data_pid31: 3.9310995046467427
  _data_pid32: 3.3323356429864863
  _data_pid33: 2.4047829275227848
  _data_pid34: 2.580326544050523
  _data_pid35: 2.856736654644498
  _data_pid36: 2.479909010640368
  average: 3.125
  size: 32
  standard: 0.705732639300209
  std/ave: 22.58344445760669
  total(for debug): 100.00000000000001
clock:
  idle_average: 432101.09387755103
  idle_size: 245
  running_average: 86220.64516129032
  running_size: 248
counters:
  contextswitch: 37357
  worksteal: 0
cpu_usage:
  _data_pid00: 16.40129485730922
  _data_pid01: 16.817319514890336
  _data_pid02: 16.45691043707974
  _data_pid03: 20.67845881746834
  _data_pid04: 16.422533127083078
  _data_pid05: 14.892471355321723
  _data_pid06: 16.008273411157095
  average: 16.804040956784938
  standard: 1.678727692104871
  std/ave: 9.990023806904935
runtime:
  _data_pid00: 14.163810778048816
  _data_pid01: 14.553508627527275
  _data_pid02: 13.042756019814131
  _data_pid03: 17.4795348767603
  _data_pid04: 14.283383966118436
  _data_pid05: 12.913754657966805
  _data_pid06: 13.563251073764235
  average: 14.285714285714286
  standard: 1.426095630755868
  std/ave: 9.982669415291076
  total(for debug): 100.0
time_response:
  average: 6360683.294117647
  size: 34
  standard: 1955907.3800971662
  std/ave: 30.749957035370514
time_turnaround:
  average: 1160445226.3529413
  size: 34
  standard: 212871329.54376924
  std/ave: 18.343935991945383
