_environment:
  LOGSIZE: 500
  NCPU: 7
  NPROC: 5000
  date: 2023/12/05 05:11
  forknum: 32
  policy: default
  workload: yieldrepeat
balancing:
  _data_pid05: 2.846856078677419
  _data_pid06: 3.8310908346206416
  _data_pid07: 3.406931062148227
  _data_pid08: 3.955961017185757
  _data_pid09: 3.8085405682360323
  _data_pid10: 2.4243837411045335
  _data_pid11: 2.9729534866240104
  _data_pid12: 2.353664878497017
  _data_pid13: 3.746258880126159
  _data_pid14: 3.3702677038766518
  _data_pid15: 2.569656545636677
  _data_pid16: 2.7472974196052324
  _data_pid17: 2.834277018517297
  _data_pid18: 4.159373624165295
  _data_pid19: 3.056251409391649
  _data_pid20: 3.1015053453335524
  _data_pid21: 2.918035150802989
  _data_pid22: 4.115807123122921
  _data_pid23: 4.689688392135326
  _data_pid24: 3.5614080570414353
  _data_pid25: 3.3609101103429015
  _data_pid26: 2.588678539049545
  _data_pid27: 2.875849278314774
  _data_pid28: 1.9327265726509755
  _data_pid29: 2.1089868180653712
  _data_pid30: 3.187104315691457
  _data_pid31: 2.2898491586602994
  _data_pid32: 2.98752678802903
  _data_pid33: 2.8039031903257823
  _data_pid34: 4.395767913271982
  _data_pid35: 3.144458233685189
  _data_pid36: 1.8540307450638696
  average: 3.125
  size: 32
  standard: 0.6972114205092187
  std/ave: 22.310765456294998
  total(for debug): 99.99999999999999
clock:
  idle_average: 463220.3278688525
  idle_size: 244
  running_average: 99136.89959839357
  running_size: 249
counters:
  contextswitch: 37149
  worksteal: 0
cpu_usage:
  _data_pid00: 23.545736111291856
  _data_pid01: 17.123867910921604
  _data_pid02: 18.35265205552598
  _data_pid03: 16.909176020831097
  _data_pid04: 17.169321480582134
  _data_pid05: 14.81251635821318
  _data_pid06: 17.518293967856668
  average: 17.925303894722948
  standard: 2.50352074893189
  std/ave: 13.966406168817613
runtime:
  _data_pid00: 15.359799471372668
  _data_pid01: 15.845167109746164
  _data_pid02: 13.621281315340164
  _data_pid03: 13.533841506910047
  _data_pid04: 14.423119698961614
  _data_pid05: 13.803984494007304
  _data_pid06: 13.412806403662039
  average: 14.285714285714286
  standard: 0.8948461922440276
  std/ave: 6.263923345708193
  total(for debug): 100.0
time_response:
  average: 6038798.117647059
  size: 34
  standard: 1670158.2904353314
  std/ave: 27.657130738559733
time_turnaround:
  average: 1162907930.3529413
  size: 34
  standard: 213090245.9160528
  std/ave: 18.323913729901225
