_environment:
  LOGSIZE: 500
  NCPU: 7
  NPROC: 5000
  date: 2023/12/05 05:11
  forknum: 32
  policy: default
  workload: yieldrepeat
balancing:
  _data_pid05: 2.7529909796454066
  _data_pid06: 3.0955975510761458
  _data_pid07: 3.223354297375828
  _data_pid08: 2.5988331955118236
  _data_pid09: 2.9757307701061353
  _data_pid10: 2.610516413403837
  _data_pid11: 2.7516254087229637
  _data_pid12: 2.3220774885633433
  _data_pid13: 2.5988331955118236
  _data_pid14: 3.714959829455365
  _data_pid15: 3.7281603483723154
  _data_pid16: 2.9529712547320828
  _data_pid17: 2.419033024056808
  _data_pid18: 3.934058097456245
  _data_pid19: 3.0015248875300613
  _data_pid20: 4.664942001168322
  _data_pid21: 3.2420170999825513
  _data_pid22: 3.675965193114488
  _data_pid23: 2.616130427196104
  _data_pid24: 2.709596170332213
  _data_pid25: 3.408920212725604
  _data_pid26: 2.9990972058901626
  _data_pid27: 3.304529902209949
  _data_pid28: 3.1802629482676217
  _data_pid29: 2.981951704308376
  _data_pid30: 3.0024352681450237
  _data_pid31: 2.368962090233892
  _data_pid32: 3.2095468580489026
  _data_pid33: 4.007495467063188
  _data_pid34: 2.778936827171827
  _data_pid35: 4.095498926509525
  _data_pid36: 3.073444956112068
  average: 3.125
  size: 32
  standard: 0.5417737718010508
  std/ave: 17.336760697633625
  total(for debug): 100.0
clock:
  idle_average: 440404.45901639346
  idle_size: 244
  running_average: 87697.6064257028
  running_size: 249
counters:
  contextswitch: 37093
  worksteal: 0
cpu_usage:
  _data_pid00: 12.130035544008418
  _data_pid01: 18.649094077386575
  _data_pid02: 18.559203052229236
  _data_pid03: 17.860296692316233
  _data_pid04: 19.392537933901476
  _data_pid05: 14.16597961773852
  _data_pid06: 17.57931723877112
  average: 16.88900405669523
  standard: 2.4967907548118866
  std/ave: 14.783528658234262
runtime:
  _data_pid00: 10.739304924400477
  _data_pid01: 16.173366815109283
  _data_pid02: 16.186112143718752
  _data_pid03: 15.865506437149598
  _data_pid04: 13.447080333502765
  _data_pid05: 12.565983628321941
  _data_pid06: 15.02264571779718
  average: 14.285714285714286
  standard: 1.9439045782562363
  std/ave: 13.607332047793651
  total(for debug): 100.0
time_response:
  average: 6168766.117647059
  size: 34
  standard: 1799001.2697183462
  std/ave: 29.163064953490824
time_turnaround:
  average: 1155440330.3529413
  size: 34
  standard: 212898528.9844744
  std/ave: 18.425748469368582
