_environment:
  LOGSIZE: 500
  NCPU: 7
  NPROC: 5000
  date: 2023/12/05 05:11
  forknum: 32
  policy: default
  workload: yieldrepeat
balancing:
  _data_pid05: 3.17826490838783
  _data_pid06: 3.5314740347314593
  _data_pid07: 2.722441509864858
  _data_pid08: 2.7441988217104027
  _data_pid09: 2.779998086591015
  _data_pid10: 3.65121640347006
  _data_pid11: 2.653774816451614
  _data_pid12: 2.500856404827963
  _data_pid13: 3.774662144437689
  _data_pid14: 3.145551787031408
  _data_pid15: 2.955599653117468
  _data_pid16: 3.01145885090532
  _data_pid17: 3.06484913387382
  _data_pid18: 4.34081517395048
  _data_pid19: 4.339735023717013
  _data_pid20: 3.1994049915285356
  _data_pid21: 2.8159516586478373
  _data_pid22: 2.577084149875474
  _data_pid23: 2.4306466396526236
  _data_pid24: 2.656089424094757
  _data_pid25: 3.1126843584987762
  _data_pid26: 4.345135774884347
  _data_pid27: 2.744044514534193
  _data_pid28: 2.974579435791241
  _data_pid29: 2.7735171851902147
  _data_pid30: 2.4147530005030413
  _data_pid31: 3.7268269198127326
  _data_pid32: 3.10481469251209
  _data_pid33: 3.2145270947970705
  _data_pid34: 3.4791639019964267
  _data_pid35: 2.936156948915066
  _data_pid36: 3.0997225556971753
  average: 3.125
  size: 32
  standard: 0.5251302678872394
  std/ave: 16.80416857239166
  total(for debug): 100.00000000000003
clock:
  idle_average: 437905.77777777775
  idle_size: 243
  running_average: 108833.408
  running_size: 250
counters:
  contextswitch: 37339
  worksteal: 0
cpu_usage:
  _data_pid00: 21.67983632825722
  _data_pid01: 19.17327797997803
  _data_pid02: 17.195121331383852
  _data_pid03: 28.17772310965576
  _data_pid04: 14.648772621147572
  _data_pid05: 17.856987049770627
  _data_pid06: 23.535364763148245
  average: 20.36256755902374
  standard: 4.19610375361542
  std/ave: 20.60694822228301
runtime:
  _data_pid00: 15.40093633594524
  _data_pid01: 15.008996108373015
  _data_pid02: 10.438880470575164
  _data_pid03: 15.855062355529906
  _data_pid04: 11.499279385487101
  _data_pid05: 16.421832613747537
  _data_pid06: 15.37501273034204
  average: 14.285714285714286
  standard: 2.1561086855680465
  std/ave: 15.092760798976323
  total(for debug): 100.0
time_response:
  average: 6312256.94117647
  size: 34
  standard: 1644166.3333010215
  std/ave: 26.047202270485904
time_turnaround:
  average: 1172824247.5294118
  size: 34
  standard: 217997017.5115198
  std/ave: 18.5873559461903
