_environment:
  LOGSIZE: 500
  NCPU: 7
  NPROC: 5000
  date: 2023/12/05 05:39
  forknum: 32
  policy: default
  workload: calculation
balancing:
  _data_pid05: 2.914320330656843
  _data_pid06: 3.293102419992434
  _data_pid07: 3.2979914480653085
  _data_pid08: 3.3039501189357647
  _data_pid09: 3.29526815734148
  _data_pid10: 3.298429141930316
  _data_pid11: 3.2993942176383353
  _data_pid12: 3.2987573090019082
  _data_pid13: 3.2995938457184097
  _data_pid14: 3.2986262901584635
  _data_pid15: 2.9962538116874016
  _data_pid16: 3.2973925638250856
  _data_pid17: 3.7116981186975337
  _data_pid18: 3.2997161850801113
  _data_pid19: 3.3004014508291033
  _data_pid20: 3.298660594776779
  _data_pid21: 2.899643327030514
  _data_pid22: 2.8740326562607397
  _data_pid23: 2.8872391076947204
  _data_pid24: 2.887748717265593
  _data_pid25: 3.057881851836039
  _data_pid26: 3.3000170737805132
  _data_pid27: 2.887428816367089
  _data_pid28: 2.88836868024719
  _data_pid29: 2.8883364421721467
  _data_pid30: 2.8870568385781303
  _data_pid31: 3.187524377461072
  _data_pid32: 2.895109744400422
  _data_pid33: 3.2943208539055995
  _data_pid34: 2.8884439024222903
  _data_pid35: 2.885590006163672
  _data_pid36: 2.8877016000789917
  average: 3.125
  size: 32
  standard: 0.2192783418009605
  std/ave: 7.016906937630736
  total(for debug): 100.0
clock:
  idle_average: 79016.32520325204
  idle_size: 246
  running_average: 31345739.91902834
  running_size: 247
counters:
  contextswitch: 6395
  worksteal: 0
cpu_usage:
  _data_pid00: 99.62920866544482
  _data_pid01: 99.81156694390046
  _data_pid02: 99.8295982496971
  _data_pid03: 99.67974317739969
  _data_pid04: 99.8279391226742
  _data_pid05: 99.82068181341077
  _data_pid06: 99.6534218703956
  average: 99.74956934723996
  standard: 0.08456093051502561
  std/ave: 0.08477322866493699
runtime:
  _data_pid00: 14.41683285463236
  _data_pid01: 14.070185513176217
  _data_pid02: 14.200563314897424
  _data_pid03: 14.419489602662832
  _data_pid04: 14.143010911389805
  _data_pid05: 14.327041962773041
  _data_pid06: 14.422875840468317
  average: 14.285714285714286
  standard: 0.13610750803256197
  std/ave: 0.9527525562279338
  total(for debug): 100.0
time_response:
  average: 6664697.411764706
  size: 34
  standard: 2000953.3938390783
  std/ave: 30.02316939861277
time_turnaround:
  average: 3242136972.2352943
  size: 34
  standard: 572830546.9175682
  std/ave: 17.668301858407595
