_environment:
  LOGSIZE: 500
  NCPU: 7
  NPROC: '5000'
  date: 2023/12/11 04:52
  forknum: '32'
  policy: default
  workload: calculation
balancing:
  _data_pid05: 3.32417442643147
  _data_pid06: 3.739141128319548
  _data_pid07: 3.7298297095443624
  _data_pid08: 3.3162703304154646
  _data_pid09: 3.5353625368904185
  _data_pid10: 3.3144876108506485
  _data_pid11: 3.3147367680225313
  _data_pid12: 2.901900359954044
  _data_pid13: 2.902230493206788
  _data_pid14: 2.9019252756712324
  _data_pid15: 3.1216507566247196
  _data_pid16: 3.3158027454562324
  _data_pid17: 3.3138402174657084
  _data_pid18: 2.9015091831941895
  _data_pid19: 2.90162711758888
  _data_pid20: 2.90215533079327
  _data_pid21: 2.9591242876201957
  _data_pid22: 3.315411983958331
  _data_pid23: 3.31664032881571
  _data_pid24: 2.901645804376771
  _data_pid25: 2.9015548620090343
  _data_pid26: 2.90186672373584
  _data_pid27: 2.9023309865994467
  _data_pid28: 2.9019684629143585
  _data_pid29: 2.901529531029893
  _data_pid30: 2.902185644915849
  _data_pid31: 2.9068963765122326
  _data_pid32: 3.315397449789971
  _data_pid33: 3.3164343588869536
  _data_pid34: 3.3155087399934122
  _data_pid35: 2.9029576168867304
  _data_pid36: 2.901902851525763
  average: 3.125
  size: 32
  standard: 0.2583079471024759
  std/ave: 8.265854307279229
  total: 99.99999999999999
clock:
  idle_average: 63079.9028340081
  idle_size: 247
  running_average: 31325118.959349595
  running_size: 246
counters:
  contextswitch: 6239
  worksteal: 0
cpu_usage:
  _data_pid00: 99.82922889854945
  _data_pid01: 99.8322101799618
  _data_pid02: 99.78540835013979
  _data_pid03: 99.82673268033685
  _data_pid04: 99.74158353020525
  _data_pid05: 99.82782730356784
  _data_pid06: 99.74432264482951
  average: 99.79818765537006
  size: 7
  standard: 0.03795334568677019
  std/ave: 0.03803009511338351
  total: 698.5873135875904
runtime:
  _data_pid00: 14.118300124198205
  _data_pid01: 14.153886827796166
  _data_pid02: 14.089156625065117
  _data_pid03: 14.51435372043067
  _data_pid04: 14.301266617060026
  _data_pid05: 14.519631699855037
  _data_pid06: 14.303404385594776
  average: 14.285714285714286
  size: 7
  standard: 0.16543840307625604
  std/ave: 1.1580688215337922
  total: 100.0
time_response:
  average: 6030414.117647059
  size: 34
  standard: 1590124.0551081647
  std/ave: 26.36840562002063
  total: 205034080
time_turnaround:
  average: 3271384371.7647057
  size: 34
  standard: 574376611.5357455
  std/ave: 17.557600888883183
  total: 111227068640
