_environment:
  LOGSIZE: 500
  NCPU: 7
  NPROC: 15000
  date: 2023/11/21 05:50
  forknum: 32
  policy: default
  workload: calculation
balancing:
  _data_pid05: 2.957366892868946
  _data_pid06: 3.2772653609658704
  _data_pid07: 3.2963514456304925
  _data_pid08: 3.2965031291462012
  _data_pid09: 3.296613482003679
  _data_pid10: 3.297823230370108
  _data_pid11: 3.2966643187133036
  _data_pid12: 3.2987238254129676
  _data_pid13: 3.3602688952785815
  _data_pid14: 3.2977612343827616
  _data_pid15: 3.2967597925338175
  _data_pid16: 3.5822885118587764
  _data_pid17: 3.2973599136913356
  _data_pid18: 3.5664332447480933
  _data_pid19: 3.438220996542265
  _data_pid20: 3.288932179171396
  _data_pid21: 3.2993379989942846
  _data_pid22: 2.8859512352045384
  _data_pid23: 2.8868146326549904
  _data_pid24: 2.8864145518833113
  _data_pid25: 2.8861756606787345
  _data_pid26: 2.8868245520129654
  _data_pid27: 2.8865501164423097
  _data_pid28: 2.885513130227287
  _data_pid29: 2.8863881002620433
  _data_pid30: 2.885397817690822
  _data_pid31: 2.885952888430868
  _data_pid32: 2.8869481306810774
  _data_pid33: 3.1592700514748135
  _data_pid34: 2.883053542755944
  _data_pid35: 2.882553028484763
  _data_pid36: 2.881518108802652
  average: 3.125
  size: 32
  standard: 0.23301664441823802
  std/ave: 7.456532621383618
  total(for debug): 99.99999999999999
clock:
  idle_average: 107743.35222672064
  idle_size: 247
  running_average: 31473319.414634146
  running_size: 246
cpu_usage:
  _data_pid00: 99.73663962531431
  _data_pid01: 99.71307918147464
  _data_pid02: 99.72406209680602
  _data_pid03: 99.70904023584214
  _data_pid04: 99.58229593462521
  _data_pid05: 99.65483759372493
  _data_pid06: 99.4831556336993
  average: 99.65745347506864
  standard: 0.08660072930035653
  std/ave: 0.0868983967386057
runtime:
  _data_pid00: 14.12020277168106
  _data_pid01: 14.15357438505674
  _data_pid02: 14.283425393861437
  _data_pid03: 14.487813764946752
  _data_pid04: 14.276283869425654
  _data_pid05: 14.415699619158238
  _data_pid06: 14.263000195870124
  average: 14.285714285714286
  standard: 0.12142340483652718
  std/ave: 0.8499638338556902
  total(for debug): 100.0
time_response:
  average: 8462971.294117646
  size: 34
  standard: 2878673.454211439
  std/ave: 34.01492636767322
time_turnaround:
  average: 3269326974.117647
  size: 34
  standard: 582180380.3292164
  std/ave: 17.807346433629203
