_environment:
  LOGSIZE: 500
  NCPU: 8
  NPROC: 100
  date: 2023/11/13 02:43
  forknum: ''
  policy: default
  workload: calculation
balancing:
  _data_pid03: 78.64950981110938
  _data_pid04: 7.627400723186242
  _data_pid05: 5.73072309826359
  _data_pid06: 4.47328521867146
  _data_pid07: 1.9034226709795858
  _data_pid08: 1.399523741095806
  _data_pid09: 0.21613473669393032
  average: 14.285714285714286
  size: 7
  standard: 26.386769069299206
  std/ave: 184.70738348509443
  total(for debug): 100.0
clock:
  idle_average: 865674.487394958
  idle_size: 238
  running_average: 206493.67741935485
  running_size: 248
cpu_usage:
  _data_pid00: 4.695105327642296
  _data_pid01: 3.3943528704513173
  _data_pid02: 88.62995650105968
  _data_pid03: 5.4755345151962045
  _data_pid04: 4.407856524010552
  _data_pid05: 20.277045330351378
  _data_pid06: 7.759769290122655
  _data_pid07: 16.211223805915488
  average: 19.907573039690103
  standard: 27.011028290005633
  std/ave: 135.68217600484618
time_response:
  average: 7761575.757575758
  size: 33
  standard: 2662502.7963841455
  std/ave: 34.30363729665829
time_turnaround:
  average: 1724131917.5757575
  size: 33
  standard: 77939779.33656415
  std/ave: 4.520522968228127
