_environment:
  LOGSIZE: 500
  NCPU: 8
  NPROC: 15000
  date: 2023/11/13 02:43
  forknum: ''
  policy: default
  workload: calculation
balancing:
  _data_pid03: 90.22435996472899
  _data_pid04: 1.5522630013085144
  _data_pid05: 1.7217551331461363
  _data_pid06: 1.236599762106035
  _data_pid07: 0.9893708820258652
  _data_pid08: 0.9251648815945726
  _data_pid09: 0.9154721824413178
  _data_pid10: 0.673414910298623
  _data_pid11: 0.43474032510874194
  _data_pid12: 0.3932048324285188
  _data_pid13: 0.42696665028448727
  _data_pid14: 0.364256838313093
  _data_pid15: 0.14243063621511157
  average: 7.692307692307693
  size: 13
  standard: 23.829381900614838
  std/ave: 309.78196470799287
  total(for debug): 100.00000000000001
clock:
  idle_average: 2799470.4827586208
  idle_size: 232
  running_average: 487610.8178137652
  running_size: 247
cpu_usage:
  _data_pid00: 29.963578888203596
  _data_pid01: 1.0673587274576803
  _data_pid02: 58.03732528859503
  _data_pid03: 5.1592109453167545
  _data_pid04: 13.011621455980679
  _data_pid05: 2.058066224724803
  _data_pid06: 9.84907809127503
  _data_pid07: 1.8147802646290188
  average: 15.643227548635164
  standard: 18.510073685526987
  std/ave: 118.32643633149699
time_response:
  average: 9595542.303030303
  size: 33
  standard: 3982863.7046867493
  std/ave: 41.50743729647201
time_turnaround:
  average: 2422243269.818182
  size: 33
  standard: 126180484.25300461
  std/ave: 5.209240782098487
