_environment:
  LOGSIZE: 500
  NCPU: 7
  NPROC: 100
  date: 2023/11/28 07:43
  forknum: 32
  policy: default
  workload: calculation
balancing:
  _data_pid05: 3.2954742383990676
  _data_pid06: 3.299005798107118
  _data_pid07: 2.9944213889554843
  _data_pid08: 3.2995340016380594
  _data_pid09: 3.302058376069804
  _data_pid10: 3.301287372638578
  _data_pid11: 2.885009218557952
  _data_pid12: 2.8873933729450685
  _data_pid13: 2.888565595973016
  _data_pid14: 2.88830128739332
  _data_pid15: 2.887428531363338
  _data_pid16: 2.8885540143764095
  _data_pid17: 2.8882537201215435
  _data_pid18: 3.2889612448217695
  _data_pid19: 3.3012174694304894
  _data_pid20: 3.432820392554329
  _data_pid21: 3.301384161695932
  _data_pid22: 3.3074293414960203
  _data_pid23: 2.8803960204525536
  _data_pid24: 3.0000558357044964
  _data_pid25: 3.3003591903962652
  _data_pid26: 3.302364461122973
  _data_pid27: 2.888055592093884
  _data_pid28: 2.887851673267922
  _data_pid29: 2.8948961794037626
  _data_pid30: 2.884751114405009
  _data_pid31: 3.285080582701726
  _data_pid32: 3.54976142800292
  _data_pid33: 3.712312859029753
  _data_pid34: 3.3008125271777153
  _data_pid35: 2.895765626406143
  _data_pid36: 2.8804373832975765
  average: 3.125
  size: 32
  standard: 0.23951058815263468
  std/ave: 7.664338820884311
  total(for debug): 99.99999999999999
clock:
  idle_average: 81434.2995951417
  idle_size: 247
  running_average: 31448828.227642275
  running_size: 246
counters:
  contextswitch: 7279
  worksteal: 0
cpu_usage:
  _data_pid00: 99.69769236910693
  _data_pid01: 99.80066182848695
  _data_pid02: 99.76797185785168
  _data_pid03: 99.6937987542075
  _data_pid04: 99.79680739783498
  _data_pid05: 99.78200062835383
  _data_pid06: 99.64466676698493
  average: 99.74067937168638
  standard: 0.05665014366941086
  std/ave: 0.05679743112466934
runtime:
  _data_pid00: 14.539811856218599
  _data_pid01: 14.167459802666885
  _data_pid02: 14.430982074678985
  _data_pid03: 14.020786740587422
  _data_pid04: 14.282537441947197
  _data_pid05: 14.433360851896252
  _data_pid06: 14.125061232004665
  average: 14.285714285714288
  standard: 0.1762538904464294
  std/ave: 1.2337772331250056
  total(for debug): 100.00000000000001
time_response:
  average: 6599388.235294118
  size: 34
  standard: 2001026.3388785247
  std/ave: 30.321391431055034
time_turnaround:
  average: 3237882812.2352943
  size: 34
  standard: 567125589.7784961
  std/ave: 17.515321667462608
