_environment:
  LOGSIZE: 500
  NCPU: 4
  NPROC: 15000
  date: 2023/11/12 23:50
  forknum: ''
  policy: default
  workload: calculation
balancing:
  _data_pid03: 86.21344624574616
  _data_pid04: 2.3781910071149768
  _data_pid05: 2.2027375617537417
  _data_pid06: 1.9171777386864552
  _data_pid07: 1.4441168195117042
  _data_pid08: 1.3324854227238518
  _data_pid09: 1.0917611606615227
  _data_pid10: 1.1060963400304547
  _data_pid11: 0.8688796218562684
  _data_pid12: 0.5882761108048364
  _data_pid13: 0.6970099713372664
  _data_pid14: 0.15982199977277214
  average: 8.333333333333334
  size: 12
  standard: 23.490241173793727
  std/ave: 281.8828940855247
  total(for debug): 100.00000000000001
clock:
  idle_average: 474920.5063291139
  idle_size: 237
  running_average: 202372.90322580645
  running_size: 248
cpu_usage:
  _data_pid00: 79.34163734284141
  _data_pid01: 10.64068830470255
  _data_pid02: 26.641417686478086
  _data_pid03: 5.687171146188851
  average: 30.838791372791142
  standard: 29.200648026325265
  std/ave: 94.6880429694427
time_response:
  average: 4873343.03030303
  size: 33
  standard: 2295655.8788772207
  std/ave: 47.106388050308745
time_turnaround:
  average: 1371968355.878788
  size: 33
  standard: 57056964.937621154
  std/ave: 4.158766832568409
