_environment:
  LOGSIZE: 500
  NCPU: 8
  NPROC: 15000
  date: 2023/11/09 09:48
  forknum: ''
  policy: default
  workload: calculation
balancing:
  _data_pid03: 1.9140220524793667
  _data_pid04: 4.118563657541252
  _data_pid05: 4.595595551349886
  _data_pid06: 3.761244298815216
  _data_pid07: 3.765571469379139
  _data_pid08: 4.237149572355344
  _data_pid09: 4.251841175023101
  _data_pid10: 4.2599613795520685
  _data_pid11: 4.25825223730894
  _data_pid12: 4.259658259404037
  _data_pid13: 3.78602377795879
  _data_pid14: 3.7846889108280197
  _data_pid15: 3.7869170099443044
  _data_pid16: 3.7864454897140325
  _data_pid17: 3.313435748855574
  _data_pid18: 3.312129818076964
  _data_pid19: 3.31363877768712
  _data_pid20: 2.838914202188387
  _data_pid21: 2.8402865442670353
  _data_pid22: 2.8391011025613517
  _data_pid23: 2.8391219746842213
  _data_pid24: 2.3664718035788272
  _data_pid25: 2.3661615679343626
  _data_pid26: 2.3666231264696287
  _data_pid27: 2.366184337522947
  _data_pid28: 2.3664058666452177
  _data_pid29: 1.8930716591494294
  _data_pid30: 1.8928396939657242
  _data_pid31: 1.8933937539546148
  _data_pid32: 1.893161314404481
  _data_pid33: 1.8933610226710247
  _data_pid34: 1.419697604873618
  _data_pid35: 1.4200652388559727
  average: 3.0303030303030303
  size: 33
  standard: 0.9528554168052611
  std/ave: 31.444228754573615
  total(for debug): 100.00000000000001
clock:
  idle_average: 143707.59633027524
  idle_size: 218
  running_average: 31804365.145228215
  running_size: 241
cpu_usage:
  _data_pid00: 99.69720567030778
  _data_pid01: 99.73851454122797
  _data_pid02: 99.69288564596492
  _data_pid03: 99.57794715750406
  _data_pid04: 99.35612628939246
  _data_pid05: 99.42891231527447
  _data_pid06: 99.67293010111682
  _data_pid07: 99.56903543105629
  average: 99.59293760075882
  standard: 0.12856555057275673
  std/ave: 0.1290910316232877
time_response:
  average: 53748805.81818182
  size: 33
  standard: 45173510.282972984
  std/ave: 84.04560733085526
time_turnaround:
  average: 2920580846.5454545
  size: 33
  standard: 125513096.93424523
  std/ave: 4.2975388639799394
