_environment:
  LOGSIZE: 500
  NCPU: 8
  NPROC: 5000
  date: 2023/11/14 01:44
  forknum: ''
  policy: default
  workload: calculation
balancing:
  _data_pid03: 82.7629517534971
  _data_pid04: 3.803157374832987
  _data_pid05: 3.273995526910741
  _data_pid06: 2.6652864730916863
  _data_pid07: 3.005986367150099
  _data_pid08: 1.6937305151819273
  _data_pid09: 1.5866967461491508
  _data_pid10: 0.8540857896288889
  _data_pid11: 0.3541094535574166
  average: 11.11111111111111
  size: 9
  standard: 25.35560209030111
  std/ave: 228.20041881271004
  total(for debug): 99.99999999999999
clock:
  idle_average: 1707120.2025316455
  idle_size: 237
  running_average: 254334.17886178862
  running_size: 246
cpu_usage:
  _data_pid00: 4.081187740682982
  _data_pid01: 45.27034979821892
  _data_pid02: 1.7811546398118654
  _data_pid03: 10.444713202075736
  _data_pid04: 2.7751624652042777
  _data_pid05: 2.0960431436708475
  _data_pid06: 2.220249031668684
  _data_pid07: 34.68000388462659
  average: 13.393067107404413
  standard: 16.0652176359968
  std/ave: 119.9517444896179
time_response:
  average: 8011496.7272727275
  size: 33
  standard: 2656470.508444175
  std/ave: 33.158229964708354
time_turnaround:
  average: 1931711827.3939395
  size: 33
  standard: 101052608.40633047
  std/ave: 5.231246554133279
