_environment:
  LOGSIZE: 500
  NCPU: 7
  NPROC: 100
  date: 2023/11/21 05:50
  forknum: 32
  policy: default
  workload: calculation
balancing:
  _data_pid05: 3.302610850981088
  _data_pid06: 3.302987465385967
  _data_pid07: 3.3063608366560677
  _data_pid08: 3.3052309934414317
  _data_pid09: 3.3066023836286136
  _data_pid10: 3.3044156170401107
  _data_pid11: 3.3068803905215445
  _data_pid12: 2.8929716302624997
  _data_pid13: 3.130976190089297
  _data_pid14: 3.345712277317204
  _data_pid15: 3.342382409361197
  _data_pid16: 3.3042585907920916
  _data_pid17: 2.8918044984929248
  _data_pid18: 2.891172664645356
  _data_pid19: 2.8940393258855717
  _data_pid20: 2.891594439633438
  _data_pid21: 2.8921355379973233
  _data_pid22: 2.8935516744504315
  _data_pid23: 2.8935355160766245
  _data_pid24: 2.893776648731894
  _data_pid25: 2.893342858542776
  _data_pid26: 2.893105040425724
  _data_pid27: 2.8926285755570653
  _data_pid28: 2.8916391858993644
  _data_pid29: 3.1310731403321372
  _data_pid30: 3.1338523806268856
  _data_pid31: 3.341347859120293
  _data_pid32: 3.3040825059493266
  _data_pid33: 3.3057190591938492
  _data_pid34: 3.3066177133678667
  _data_pid35: 3.3058744281727592
  _data_pid36: 3.3077173114212743
  average: 3.125
  size: 32
  standard: 0.19899496659008917
  std/ave: 6.367838930882853
  total(for debug): 100.0
clock:
  idle_average: 85982.05668016194
  idle_size: 247
  running_average: 31396542.699186992
  running_size: 246
cpu_usage:
  _data_pid00: 99.6879483170853
  _data_pid01: 99.77680731912236
  _data_pid02: 99.74619845472633
  _data_pid03: 99.67147762722044
  _data_pid04: 99.7719849150815
  _data_pid05: 99.65744375988082
  _data_pid06: 99.76916710461666
  average: 99.72578241593264
  standard: 0.047940228482962616
  std/ave: 0.04807205049845111
runtime:
  _data_pid00: 14.281526899371059
  _data_pid01: 14.055992875267522
  _data_pid02: 14.503780359274565
  _data_pid03: 14.281653266140573
  _data_pid04: 14.096341163297346
  _data_pid05: 14.276814040344114
  _data_pid06: 14.503891396304825
  average: 14.285714285714286
  standard: 0.16208525551486772
  std/ave: 1.134596788604074
  total(for debug): 100.0
time_response:
  average: 6070106.352941177
  size: 34
  standard: 1515616.3788803762
  std/ave: 24.96853087501519
time_turnaround:
  average: 3229036512.0
  size: 34
  standard: 569740010.3307002
  std/ave: 17.64427277961669
