_environment:
  LOGSIZE: 500
  NCPU: 8
  NPROC: 5000
  date: 2023/11/09 09:37
  forknum: ''
  policy: default
  workload: calculation
balancing:
  _data_pid03: 1.9534416765252378
  _data_pid04: 3.694415998363666
  _data_pid05: 4.2224075600011
  _data_pid06: 3.7944634020526107
  _data_pid07: 4.26570576956512
  _data_pid08: 4.266495577446754
  _data_pid09: 4.268954870862655
  _data_pid10: 4.268907320719269
  _data_pid11: 3.7951029514811463
  _data_pid12: 3.795107230994051
  _data_pid13: 3.7950715683865113
  _data_pid14: 3.7952608179571863
  _data_pid15: 3.79532786365936
  _data_pid16: 3.7950335282718033
  _data_pid17: 3.7954681365823473
  _data_pid18: 3.795112937011257
  _data_pid19: 3.795943638016203
  _data_pid20: 3.320991408316752
  _data_pid21: 3.3209666822421915
  _data_pid22: 3.3207089604650424
  _data_pid23: 2.8466853850659115
  _data_pid24: 2.84655937718594
  _data_pid25: 2.8469112482469927
  _data_pid26: 2.3720759919002705
  _data_pid27: 2.3720564963414823
  _data_pid28: 2.3719376209830183
  _data_pid29: 1.8979468551828238
  _data_pid30: 1.8976225632049344
  _data_pid31: 1.4232913383780992
  _data_pid32: 1.4232618572892002
  _data_pid33: 0.9488212671325782
  _data_pid34: 0.9489924476487662
  _data_pid35: 0.9489496525197192
  average: 3.03030303030303
  size: 33
  standard: 1.0642429746104238
  std/ave: 35.12001816214399
  total(for debug): 99.99999999999999
clock:
  idle_average: 116038.19354838709
  idle_size: 217
  running_average: 31626089.388429753
  running_size: 242
cpu_usage:
  _data_pid00: 99.15457819218935
  _data_pid01: 99.74117543634556
  _data_pid02: 99.72609425077516
  _data_pid03: 99.78796875910656
  _data_pid04: 99.76269993846068
  _data_pid05: 99.72818413348377
  _data_pid06: 99.72899242112081
  _data_pid07: 99.76666657356776
  average: 99.67207589907426
  standard: 0.19763460497704907
  std/ave: 0.1982848287188977
time_response:
  average: 38256179.39393939
  size: 33
  standard: 29618857.789224945
  std/ave: 77.42241451826007
time_turnaround:
  average: 2841004819.3939395
  size: 33
  standard: 103651189.88028342
  std/ave: 3.648398945778449
