_environment:
  LOGSIZE: 500
  NCPU: 8
  NPROC: 100
  date: 2023/11/14 03:15
  forknum: 32
  policy: default
  workload: calculation
balancing:
  _data_pid03: 1.6580195947065433
  _data_pid04: 2.8045277635691006
  _data_pid05: 3.48758058450925
  _data_pid06: 3.7754551801834886
  _data_pid07: 3.7963621355417234
  _data_pid08: 3.7970466191665158
  _data_pid09: 3.7962484513260697
  _data_pid10: 3.796425874809077
  _data_pid11: 3.7962004090424677
  _data_pid12: 3.797098942445687
  _data_pid13: 3.797019030528407
  _data_pid14: 3.7968392287145285
  _data_pid15: 3.796958145258099
  _data_pid16: 3.796489138410257
  _data_pid17: 3.7964991273999167
  _data_pid18: 3.796622324939056
  _data_pid19: 3.796775965113349
  _data_pid20: 3.7968425583777483
  _data_pid21: 3.7974809023836356
  _data_pid22: 3.796582368980416
  _data_pid23: 3.7964058968297567
  _data_pid24: 3.3220711121691613
  _data_pid25: 2.8479389612988104
  _data_pid26: 2.8478157637596717
  _data_pid27: 2.37314706144473
  _data_pid28: 2.3730638198642304
  _data_pid29: 2.373141829116813
  _data_pid30: 2.3727237185496186
  _data_pid31: 1.4237525768739325
  _data_pid32: 1.4237249882358243
  _data_pid33: 0.9492608223758239
  _data_pid34: 0.9490748369016795
  _data_pid35: 0.47480426717461216
  average: 3.0303030303030303
  size: 33
  standard: 1.0286557281892998
  std/ave: 33.945639030246895
  total(for debug): 100.0
clock:
  idle_average: 131261.79816513762
  idle_size: 218
  running_average: 31548189.609958507
  running_size: 241
cpu_usage:
  _data_pid00: 99.20015266175939
  _data_pid01: 99.33444817522152
  _data_pid02: 99.82555966908883
  _data_pid03: 99.50545975549848
  _data_pid04: 99.83463211905872
  _data_pid05: 99.76087158157078
  _data_pid06: 99.76538238351593
  _data_pid07: 99.78274607915893
  average: 99.62505124500777
  standard: 0.23087510109667544
  std/ave: 0.23174402242352138
time_response:
  average: 54219649.93939394
  size: 33
  standard: 56615955.85650748
  std/ave: 104.41962631590596
time_turnaround:
  average: 2963753289.6969695
  size: 33
  standard: 120614847.95651959
  std/ave: 4.0696655951701
