_environment:
  LOGSIZE: 500
  NCPU: 8
  NPROC: 100
  date: 2023/11/09 09:21
  forknum: ''
  policy: default
  workload: calculation
balancing:
  _data_pid03: 1.8087042764892722
  _data_pid04: 3.356925776344549
  _data_pid05: 3.806394965944313
  _data_pid06: 3.888682098952682
  _data_pid07: 3.332117029248607
  _data_pid08: 3.8081317023277177
  _data_pid09: 3.8095252912915925
  _data_pid10: 3.8088041567284368
  _data_pid11: 3.80896546942357
  _data_pid12: 3.8099352546203487
  _data_pid13: 3.809343933823691
  _data_pid14: 3.3329116613119125
  _data_pid15: 3.333474346718902
  _data_pid16: 3.333212810159928
  _data_pid17: 3.3333975084232907
  _data_pid18: 3.3336633402907148
  _data_pid19: 3.3331474260201848
  _data_pid20: 3.332925979006747
  _data_pid21: 3.333879537482713
  _data_pid22: 3.333030975435532
  _data_pid23: 3.333345010208898
  _data_pid24: 3.333538776345656
  _data_pid25: 2.8569652359115123
  _data_pid26: 2.857010575278488
  _data_pid27: 2.8576143047440024
  _data_pid28: 2.3807701598774895
  _data_pid29: 2.380847475429595
  _data_pid30: 2.3811987362095306
  _data_pid31: 1.904617559671475
  _data_pid32: 1.9047616911328071
  _data_pid33: 1.9049110724155789
  _data_pid34: 1.4286558620632515
  _data_pid35: 1.4285900006670138
  average: 3.0303030303030303
  size: 33
  standard: 0.7378252140554952
  std/ave: 24.34823206383134
  total(for debug): 100.0
clock:
  idle_average: 211217.84331797235
  idle_size: 217
  running_average: 31411145.388429753
  running_size: 242
cpu_usage:
  _data_pid00: 99.7979877508199
  _data_pid01: 99.43130422945501
  _data_pid02: 99.8529040380182
  _data_pid03: 99.76886381495147
  _data_pid04: 99.8394646118137
  _data_pid05: 97.00022350122926
  _data_pid06: 99.75837701739493
  _data_pid07: 99.76835879448656
  average: 99.40065011875431
  standard: 0.9162911731251561
  std/ave: 0.9218160766860778
time_response:
  average: 39015967.03030303
  size: 33
  standard: 28109487.830303166
  std/ave: 72.04611334757129
time_turnaround:
  average: 2912592753.4545455
  size: 33
  standard: 99221061.23089585
  std/ave: 3.4066232264436045
