_environment:
  LOGSIZE: 500
  NCPU: 7
  NPROC: 5000
  date: 2023/11/28 07:43
  forknum: 32
  policy: default
  workload: calculation
balancing:
  _data_pid05: 3.262488927899117
  _data_pid06: 3.27390642194919
  _data_pid07: 3.2795198314195333
  _data_pid08: 3.2793110750497725
  _data_pid09: 3.280596488287198
  _data_pid10: 3.0331548510205235
  _data_pid11: 3.416368672428003
  _data_pid12: 3.2789395873366542
  _data_pid13: 3.2801436349024016
  _data_pid14: 2.870008049612743
  _data_pid15: 2.8700248980599086
  _data_pid16: 2.8699476417655876
  _data_pid17: 2.8705887046333576
  _data_pid18: 2.8702389966202344
  _data_pid19: 2.870910057942714
  _data_pid20: 2.869044811560145
  _data_pid21: 2.8707448609729425
  _data_pid22: 2.8698588792146658
  _data_pid23: 2.8711204580634178
  _data_pid24: 2.869231788229911
  _data_pid25: 3.045438601817558
  _data_pid26: 3.2769958518465576
  _data_pid27: 2.8665495976286723
  _data_pid28: 3.2510373260169763
  _data_pid29: 3.2654337077135005
  _data_pid30: 3.27802730556329
  _data_pid31: 3.279953781668485
  _data_pid32: 3.279970219177915
  _data_pid33: 3.279805022208144
  _data_pid34: 3.2793965500988085
  _data_pid35: 3.6620288946102018
  _data_pid36: 3.279214504681871
  average: 3.125
  size: 32
  standard: 0.21878507565898883
  std/ave: 7.001122421087643
  total(for debug): 99.99999999999999
clock:
  idle_average: 84566.54251012146
  idle_size: 247
  running_average: 31654747.05691057
  running_size: 246
counters:
  contextswitch: 5637
  worksteal: 0
cpu_usage:
  _data_pid00: 99.5979991678113
  _data_pid01: 99.7648945807817
  _data_pid02: 99.75353901313473
  _data_pid03: 99.74336622135152
  _data_pid04: 99.73946797775726
  _data_pid05: 99.77532390464178
  _data_pid06: 99.75098311131386
  average: 99.73247881045359
  standard: 0.05596501969995684
  std/ave: 0.0561151395889007
runtime:
  _data_pid00: 14.087647874094989
  _data_pid01: 13.939584953215642
  _data_pid02: 14.33683681861407
  _data_pid03: 14.509166845602655
  _data_pid04: 14.317785334246974
  _data_pid05: 14.489448820228171
  _data_pid06: 14.319529353997495
  average: 14.285714285714286
  standard: 0.1909600368323287
  std/ave: 1.3367202578263009
  total(for debug): 100.0
time_response:
  average: 7583153.882352941
  size: 34
  standard: 2087570.0411074024
  std/ave: 27.529047590152032
time_turnaround:
  average: 3268101580.2352943
  size: 34
  standard: 573688529.4508622
  std/ave: 17.554182921375354
