_environment:
  LOGSIZE: 500
  NCPU: 7
  NPROC: 5000
  date: 2023/12/04 07:03
  forknum: 32
  policy: default
  workload: calculation
balancing:
  _data_pid05: 3.443600579332936
  _data_pid06: 3.6747228197064894
  _data_pid07: 3.264466720774925
  _data_pid08: 3.2659123331190276
  _data_pid09: 2.8578383755751173
  _data_pid10: 2.8587121333336807
  _data_pid11: 2.857688038445538
  _data_pid12: 2.8585925190507453
  _data_pid13: 2.8573107618887463
  _data_pid14: 2.8566082327954803
  _data_pid15: 2.857398014773216
  _data_pid16: 2.8588850005507993
  _data_pid17: 2.8557438967098876
  _data_pid18: 2.8579616765996496
  _data_pid19: 2.857874833353135
  _data_pid20: 2.857248906557502
  _data_pid21: 2.858468808388258
  _data_pid22: 3.2070055758771483
  _data_pid23: 3.4641291758226895
  _data_pid24: 3.6747547714669997
  _data_pid25: 3.267459535676033
  _data_pid26: 3.26488086474769
  _data_pid27: 2.858977578728687
  _data_pid28: 3.053447463055613
  _data_pid29: 3.2651176354858285
  _data_pid30: 3.2648788165579137
  _data_pid31: 3.2648050817259673
  _data_pid32: 3.202420498243956
  _data_pid33: 3.2629707229623257
  _data_pid34: 3.6168778440446365
  _data_pid35: 3.2680641612979926
  _data_pid36: 3.2651766233513855
  average: 3.125
  size: 32
  standard: 0.2667678780562387
  std/ave: 8.536572097799638
  total(for debug): 100.0
clock:
  idle_average: 116076.09756097561
  idle_size: 246
  running_average: 31626624.0
  running_size: 247
counters:
  contextswitch: 6391
  worksteal: 0
cpu_usage:
  _data_pid00: 99.55942953143006
  _data_pid01: 99.75906371919528
  _data_pid02: 99.70957774910104
  _data_pid03: 99.61562745284368
  _data_pid04: 99.63287045663603
  _data_pid05: 99.52287389477058
  _data_pid06: 99.6578729548766
  average: 99.63579700201957
  standard: 0.0757105616283582
  std/ave: 0.07598730968832776
runtime:
  _data_pid00: 14.46858913363883
  _data_pid01: 13.894924767613617
  _data_pid02: 14.237494748646231
  _data_pid03: 14.479854587046354
  _data_pid04: 14.23062593941248
  _data_pid05: 14.460905964150026
  _data_pid06: 14.227604859492459
  average: 14.285714285714286
  standard: 0.19393621680644363
  std/ave: 1.3575535176451052
  total(for debug): 100.0
time_response:
  average: 8210698.352941177
  size: 34
  standard: 3427081.7047896073
  std/ave: 41.7392231144624
time_turnaround:
  average: 3389622508.2352943
  size: 34
  standard: 596518271.9209915
  std/ave: 17.598368858824664
