_environment:
  LOGSIZE: 500
  NCPU: 7
  NPROC: 15000
  date: 2023/12/04 07:03
  forknum: 32
  policy: default
  workload: calculation
balancing:
  _data_pid05: 3.257087353580077
  _data_pid06: 3.3020892279996805
  _data_pid07: 3.091913615564404
  _data_pid08: 3.2990976531531797
  _data_pid09: 3.298875488073306
  _data_pid10: 3.29474164546976
  _data_pid11: 3.505283395885835
  _data_pid12: 3.7133788481318986
  _data_pid13: 3.301265520971693
  _data_pid14: 2.887791484411661
  _data_pid15: 2.88808770451816
  _data_pid16: 2.889019804937074
  _data_pid17: 2.885477161400829
  _data_pid18: 2.883482226549518
  _data_pid19: 2.8892965804276436
  _data_pid20: 2.888769507221387
  _data_pid21: 2.887448928199117
  _data_pid22: 2.884015505484263
  _data_pid23: 3.292482346584855
  _data_pid24: 3.2965611650624735
  _data_pid25: 3.3007169345733436
  _data_pid26: 3.090909528695028
  _data_pid27: 3.2996139697633904
  _data_pid28: 3.300632122950673
  _data_pid29: 2.888508452909654
  _data_pid30: 2.889912188693664
  _data_pid31: 2.8895108849180997
  _data_pid32: 2.9147644764276106
  _data_pid33: 3.29894623337807
  _data_pid34: 3.3010652827991427
  _data_pid35: 3.301316821660528
  _data_pid36: 2.8879379396039804
  average: 3.125
  size: 32
  standard: 0.22919906193887524
  std/ave: 7.334369982044008
  total(for debug): 99.99999999999999
clock:
  idle_average: 102278.06451612903
  idle_size: 248
  running_average: 31570567.053061225
  running_size: 245
counters:
  contextswitch: 5269
  worksteal: 0
cpu_usage:
  _data_pid00: 99.74101851443444
  _data_pid01: 99.68064617908307
  _data_pid02: 99.7111836345182
  _data_pid03: 99.71540344954255
  _data_pid04: 99.5914121135519
  _data_pid05: 99.69199395791979
  _data_pid06: 99.57846829072827
  average: 99.67313844073088
  standard: 0.05842577545848444
  std/ave: 0.05861737311826139
runtime:
  _data_pid00: 14.463322353248317
  _data_pid01: 14.022003626677373
  _data_pid02: 14.228717683761985
  _data_pid03: 14.431170887666658
  _data_pid04: 14.211648206982591
  _data_pid05: 14.430463848334247
  _data_pid06: 14.212673393328826
  average: 14.285714285714286
  standard: 0.14988918043785354
  std/ave: 1.0492242630649746
  total(for debug): 100.0
time_response:
  average: 8170428.235294118
  size: 34
  standard: 2338589.901232126
  std/ave: 28.62261112740735
time_turnaround:
  average: 3311727345.882353
  size: 34
  standard: 584720812.5498241
  std/ave: 17.656067407748367
