_environment:
  LOGSIZE: 500
  NCPU: 6
  NPROC: 100
  date: 2023/11/13 02:41
  forknum: ''
  policy: default
  workload: calculation
balancing:
  _data_pid04: 38.791253254521145
  _data_pid05: 27.728959960593908
  _data_pid06: 15.091302512138485
  _data_pid07: 12.938920554500037
  _data_pid08: 4.321476321159666
  _data_pid09: 1.1280873970867638
  average: 16.666666666666668
  size: 6
  standard: 13.051824254896971
  std/ave: 78.31094552938181
  total(for debug): 100.0
clock:
  idle_average: 486862.4
  idle_size: 240
  running_average: 38009.290322580644
  running_size: 248
cpu_usage:
  _data_pid00: 6.782416431072159
  _data_pid01: 4.4591399652009045
  _data_pid02: 6.9026236736466595
  _data_pid03: 6.238645965356992
  _data_pid04: 11.965512877792039
  _data_pid05: 6.046695327060349
  average: 7.4650028889722355
  standard: 2.3659932507153743
  std/ave: 31.694472003628636
time_response:
  average: 5971629.575757576
  size: 33
  standard: 2439939.979343643
  std/ave: 40.858863537832654
time_turnaround:
  average: 1468736120.2424242
  size: 33
  standard: 68176149.00329286
  std/ave: 4.641824223131379
