_environment:
  LOGSIZE: 500
  NCPU: 8
  NPROC: 15000
  date: 2023/11/14 01:44
  forknum: ''
  policy: default
  workload: calculation
balancing:
  _data_pid03: 89.66709753055852
  _data_pid04: 1.805274215947943
  _data_pid05: 1.471305959503993
  _data_pid06: 1.3869853109855996
  _data_pid07: 1.2043393127883393
  _data_pid08: 0.952514639949206
  _data_pid09: 1.5565689197013977
  _data_pid10: 0.6916242788878643
  _data_pid11: 0.6326810586904207
  _data_pid12: 0.31339986703657274
  _data_pid13: 0.24022449113544658
  _data_pid14: 0.07798441481469928
  average: 8.333333333333334
  size: 12
  standard: 24.528934942793992
  std/ave: 294.3472193135279
  total(for debug): 99.99999999999997
clock:
  idle_average: 2679285.974248927
  idle_size: 233
  running_average: 491661.29032258067
  running_size: 248
cpu_usage:
  _data_pid00: 29.084812701041226
  _data_pid01: 7.596881714216672
  _data_pid02: 12.563309177842916
  _data_pid03: 38.97703795051423
  _data_pid04: 6.971846569015202
  _data_pid05: 5.209534083708018
  _data_pid06: 2.4363519004286402
  _data_pid07: 26.346305843582087
  average: 16.340267986613107
  standard: 12.602872831867812
  std/ave: 77.12769975494169
time_response:
  average: 9806133.333333334
  size: 33
  standard: 3349178.921698314
  std/ave: 34.15391987699855
time_turnaround:
  average: 2388757373.090909
  size: 33
  standard: 129025255.1286581
  std/ave: 5.401354552878141
