_environment:
  LOGSIZE: 500
  NCPU: 8
  NPROC: 100
  date: 2023/11/14 01:44
  forknum: ''
  policy: default
  workload: calculation
balancing:
  _data_pid03: 75.82629969229674
  _data_pid04: 8.961847736017374
  _data_pid05: 7.814749794774229
  _data_pid06: 3.1746744047678916
  _data_pid07: 2.6059997880042927
  _data_pid08: 1.2916264016668744
  _data_pid09: 0.32480218247259723
  average: 14.285714285714288
  size: 7
  standard: 25.30128430772874
  std/ave: 177.10899015410115
  total(for debug): 100.00000000000001
clock:
  idle_average: 900512.9411764706
  idle_size: 238
  running_average: 202376.7741935484
  running_size: 248
cpu_usage:
  _data_pid00: 6.070266795066308
  _data_pid01: 20.588582194639912
  _data_pid02: 4.950684186716796
  _data_pid03: 91.8679845338691
  _data_pid04: 5.995531094881754
  _data_pid05: 6.507922015582781
  _data_pid06: 5.889365307923134
  _data_pid07: 12.503164804177448
  average: 18.97438720249311
  standard: 27.875214583420444
  std/ave: 146.9096961390027
time_response:
  average: 7847140.848484849
  size: 33
  standard: 2563552.516781353
  std/ave: 32.66861862529627
time_turnaround:
  average: 1716392272.4848485
  size: 33
  standard: 93442172.70015387
  std/ave: 5.444103553605269
