_environment:
  LOGSIZE: 500
  NCPU: 8
  NPROC: 5000
  date: 2023/11/13 02:43
  forknum: ''
  policy: default
  workload: calculation
balancing:
  _data_pid03: 74.1751245503208
  _data_pid04: 4.691652965101185
  _data_pid05: 4.153196894586542
  _data_pid06: 2.843023327687876
  _data_pid07: 3.221851009382997
  _data_pid08: 2.4828936470064655
  _data_pid09: 5.799239099528996
  _data_pid10: 1.5973655907332087
  _data_pid11: 0.948962183679272
  _data_pid12: 0.08669073197265456
  average: 10.0
  size: 10
  standard: 21.45443640823399
  std/ave: 214.5443640823399
  total(for debug): 99.99999999999999
clock:
  idle_average: 1609185.3559322034
  idle_size: 236
  running_average: 234924.17813765182
  running_size: 247
cpu_usage:
  _data_pid00: 5.391879920160737
  _data_pid01: 2.1672754870074735
  _data_pid02: 59.14974657530119
  _data_pid03: 12.710394728541553
  _data_pid04: 2.7241412616456446
  _data_pid05: 3.201097848017088
  _data_pid06: 2.2887127386401698
  _data_pid07: 19.52857423824986
  average: 13.254240551337276
  standard: 18.244826263892143
  std/ave: 137.6527473846953
time_response:
  average: 8434103.272727273
  size: 33
  standard: 2792683.282342426
  std/ave: 33.11179851654077
time_turnaround:
  average: 1940039904.0
  size: 33
  standard: 92116775.97045827
  std/ave: 4.748189755299912
