_environment:
  LOGSIZE: 500
  NCPU: 8
  NPROC: 5000
  date: 2023/11/14 03:15
  forknum: 32
  policy: default
  workload: calculation
balancing:
  _data_pid03: 2.0282902830783742
  _data_pid04: 4.558498390589766
  _data_pid05: 4.251115569312963
  _data_pid06: 4.253987061065773
  _data_pid07: 4.253008965134067
  _data_pid08: 4.23373961896979
  _data_pid09: 4.2715395063460395
  _data_pid10: 3.7969270185823483
  _data_pid11: 3.7967314945415254
  _data_pid12: 3.798354677089668
  _data_pid13: 3.7970059893628263
  _data_pid14: 3.3226489673167054
  _data_pid15: 3.322934403872651
  _data_pid16: 3.3228792194718344
  _data_pid17: 3.322464860738121
  _data_pid18: 3.323178452127984
  _data_pid19: 3.322680841065453
  _data_pid20: 3.3233435296028393
  _data_pid21: 3.3215838132354363
  _data_pid22: 3.3226979672588093
  _data_pid23: 2.84852600324646
  _data_pid24: 2.372690895568136
  _data_pid25: 2.3736937293346907
  _data_pid26: 2.3732141959207023
  _data_pid27: 2.373649486668519
  _data_pid28: 2.373287933697655
  _data_pid29: 1.8985527082149067
  _data_pid30: 1.8984604170618178
  _data_pid31: 1.898666882837285
  _data_pid32: 1.898680678937489
  _data_pid33: 1.8986763973891498
  _data_pid34: 1.4241723755167175
  _data_pid35: 1.4241176668434945
  average: 3.0303030303030303
  size: 33
  standard: 0.9159851428824107
  std/ave: 30.227509715119556
  total(for debug): 100.00000000000001
clock:
  idle_average: 263966.97247706424
  idle_size: 218
  running_average: 31597393.128630705
  running_size: 241
cpu_usage:
  _data_pid00: 99.7790740396054
  _data_pid01: 96.38830802462927
  _data_pid02: 99.73185676194969
  _data_pid03: 99.67541470862326
  _data_pid04: 99.63130376446556
  _data_pid05: 99.66849495349797
  _data_pid06: 99.48741433314417
  _data_pid07: 99.74019376025028
  average: 99.24998793199083
  standard: 1.0896990670708262
  std/ave: 1.0979337023370943
time_response:
  average: 31627074.90909091
  size: 33
  standard: 30015112.766821753
  std/ave: 94.90322090518141
time_turnaround:
  average: 2913270774.3030305
  size: 33
  standard: 108802819.03836794
  std/ave: 3.734730736259759
