_environment:
  LOGSIZE: 500
  NCPU: 7
  NPROC: 5000
  date: 2023/11/21 05:50
  forknum: 32
  policy: default
  workload: calculation
balancing:
  _data_pid05: 3.2869427161598095
  _data_pid06: 3.298261359476161
  _data_pid07: 3.310472904182561
  _data_pid08: 3.2984485540161894
  _data_pid09: 3.3055685728926885
  _data_pid10: 3.307604106441896
  _data_pid11: 3.305246780508612
  _data_pid12: 3.5675440184854774
  _data_pid13: 3.3055379259989666
  _data_pid14: 3.3046069230653714
  _data_pid15: 3.3060357309483352
  _data_pid16: 3.304512911648145
  _data_pid17: 3.448249328085492
  _data_pid18: 3.3047464906759685
  _data_pid19: 2.891975903556777
  _data_pid20: 3.1877598426909857
  _data_pid21: 3.305201224315242
  _data_pid22: 2.892163098096806
  _data_pid23: 2.8917390113512536
  _data_pid24: 2.894891914079661
  _data_pid25: 2.889362634646196
  _data_pid26: 2.8918889326421615
  _data_pid27: 2.892313019387714
  _data_pid28: 2.8920231163389962
  _data_pid29: 3.038416287144232
  _data_pid30: 3.301917451067699
  _data_pid31: 2.8917207888739056
  _data_pid32: 2.8901702217104797
  _data_pid33: 2.8915008767040926
  _data_pid34: 2.8987675036937994
  _data_pid35: 2.912045063325055
  _data_pid36: 2.8923647877892704
  average: 3.125
  size: 32
  standard: 0.21692222668463498
  std/ave: 6.9415112539083195
  total(for debug): 100.0
clock:
  idle_average: 87861.24696356275
  idle_size: 247
  running_average: 31409435.31707317
  running_size: 246
cpu_usage:
  _data_pid00: 99.63553991128248
  _data_pid01: 99.7577032610423
  _data_pid02: 99.74629689520422
  _data_pid03: 99.71213068356977
  _data_pid04: 99.69922636680856
  _data_pid05: 99.75729334026683
  _data_pid06: 99.72890730705714
  average: 99.71992070495705
  standard: 0.04001741808149071
  std/ave: 0.0401298133799072
runtime:
  _data_pid00: 14.030542628019344
  _data_pid01: 14.342743362655206
  _data_pid02: 14.484741603241885
  _data_pid03: 14.185849489278212
  _data_pid04: 14.302774843475753
  _data_pid05: 14.462809195164777
  _data_pid06: 14.190538878164825
  average: 14.285714285714288
  standard: 0.15055220688404033
  std/ave: 1.053865448188282
  total(for debug): 100.00000000000001
time_response:
  average: 7925200.94117647
  size: 34
  standard: 2277825.1465583793
  std/ave: 28.741544390674385
time_turnaround:
  average: 3289472238.117647
  size: 34
  standard: 576894459.1371344
  std/ave: 17.537599267512103
