_environment:
  LOGSIZE: 500
  NCPU: 8
  NPROC: 15000
  date: 2023/11/14 03:15
  forknum: 32
  policy: default
  workload: calculation
balancing:
  _data_pid03: 2.1286548679262247
  _data_pid04: 3.949934751407475
  _data_pid05: 3.7301127678250197
  _data_pid06: 4.18429119136547
  _data_pid07: 3.800584115015617
  _data_pid08: 3.8011847163227857
  _data_pid09: 3.8016519565149607
  _data_pid10: 3.800763676231162
  _data_pid11: 3.8007184287100038
  _data_pid12: 3.80068318327247
  _data_pid13: 3.801730544314867
  _data_pid14: 3.8013256980729224
  _data_pid15: 3.326680153698495
  _data_pid16: 3.3262443486262825
  _data_pid17: 3.325624695731258
  _data_pid18: 3.326562033853786
  _data_pid19: 3.325892846830335
  _data_pid20: 3.326181954676053
  _data_pid21: 3.3265210729398946
  _data_pid22: 3.3266944423893863
  _data_pid23: 3.3262762600359417
  _data_pid24: 2.8514054306351144
  _data_pid25: 2.851116799079092
  _data_pid26: 2.376492687741003
  _data_pid27: 2.3760406888191135
  _data_pid28: 2.3762916934891196
  _data_pid29: 1.9000858240692646
  _data_pid30: 1.9008659865919784
  _data_pid31: 1.9007397698224306
  _data_pid32: 1.9008054978005346
  _data_pid33: 1.9012441606109252
  _data_pid34: 1.9006835676382547
  _data_pid35: 1.4259141879427615
  average: 3.0303030303030303
  size: 33
  standard: 0.7900586215434638
  std/ave: 26.07193451093431
  total(for debug): 100.00000000000001
clock:
  idle_average: 132230.1935483871
  idle_size: 217
  running_average: 31779355.76859504
  running_size: 242
cpu_usage:
  _data_pid00: 99.21526103800718
  _data_pid01: 99.82705174956975
  _data_pid02: 99.69228393928023
  _data_pid03: 99.73166319466598
  _data_pid04: 99.52188138442342
  _data_pid05: 99.66427524982302
  _data_pid06: 99.71853243950916
  _data_pid07: 99.6559990808712
  average: 99.62828288502949
  standard: 0.1755027173024864
  std/ave: 0.1761575249721162
time_response:
  average: 36003060.36363637
  size: 33
  standard: 27938498.732063938
  std/ave: 77.60034410930868
time_turnaround:
  average: 2971468290.909091
  size: 33
  standard: 101745022.67154692
  std/ave: 3.42406556996841
