_environment:
  LOGSIZE: 500
  NCPU: 6
  NPROC: 5000
  date: 2023/11/13 02:41
  forknum: ''
  policy: default
  workload: calculation
balancing:
  _data_pid03: 83.9232834687387
  _data_pid04: 3.9462921243758173
  _data_pid05: 3.40762242390859
  _data_pid06: 2.35001973671374
  _data_pid07: 2.0534437188471357
  _data_pid08: 1.6732680846082149
  _data_pid09: 1.3814198726944442
  _data_pid10: 0.9089394555668789
  _data_pid11: 0.35571111454648335
  average: 11.11111111111111
  size: 9
  standard: 25.765160760923205
  std/ave: 231.88644684830882
  total(for debug): 100.0
clock:
  idle_average: 916222.2521008403
  idle_size: 238
  running_average: 188505.9109311741
  running_size: 247
cpu_usage:
  _data_pid00: 65.82125343471584
  _data_pid01: 5.757910009139015
  _data_pid02: 5.860260781242529
  _data_pid03: 14.413354186345407
  _data_pid04: 13.278605502865414
  _data_pid05: 6.083977740839777
  average: 17.595281320980533
  standard: 21.466434704285998
  std/ave: 122.00108831843181
time_response:
  average: 5927678.060606061
  size: 33
  standard: 1527777.6283832144
  std/ave: 25.773626920403476
time_turnaround:
  average: 1479463820.6060605
  size: 33
  standard: 67014633.775378615
  std/ave: 4.529656814988971
