_environment:
  LOGSIZE: 500
  NCPU: 7
  NPROC: 15000
  date: 2023/11/28 07:43
  forknum: 32
  policy: default
  workload: calculation
balancing:
  _data_pid05: 3.7133367801259047
  _data_pid06: 3.2081246791847673
  _data_pid07: 3.289432471584288
  _data_pid08: 3.288349897514533
  _data_pid09: 3.291480818937774
  _data_pid10: 3.2940698342406995
  _data_pid11: 3.2919112896791973
  _data_pid12: 3.29183080857222
  _data_pid13: 3.2864926411996653
  _data_pid14: 3.29459192962699
  _data_pid15: 3.292267882891652
  _data_pid16: 3.2943121030088833
  _data_pid17: 3.292757785835152
  _data_pid18: 2.883457290059151
  _data_pid19: 2.879461299916807
  _data_pid20: 2.8741247834387544
  _data_pid21: 2.88267971874866
  _data_pid22: 2.8810213952212957
  _data_pid23: 3.1522769817967005
  _data_pid24: 3.2910693334831245
  _data_pid25: 3.186069554083902
  _data_pid26: 3.284144243770422
  _data_pid27: 2.8763246003628087
  _data_pid28: 2.8764958806674024
  _data_pid29: 2.87630974231229
  _data_pid30: 2.877899140994191
  _data_pid31: 2.8773308205618418
  _data_pid32: 3.1992230560294197
  _data_pid33: 2.9282799012385383
  _data_pid34: 3.28647283046564
  _data_pid35: 2.878465810532038
  _data_pid36: 2.8799346939152857
  average: 3.125
  size: 32
  standard: 0.21755344896813084
  std/ave: 6.961710366980187
  total(for debug): 100.0
clock:
  idle_average: 128258.2024291498
  idle_size: 247
  running_average: 31517774.30894309
  running_size: 246
counters:
  contextswitch: 5173
  worksteal: 0
cpu_usage:
  _data_pid00: 99.60419348419018
  _data_pid01: 99.76757528093941
  _data_pid02: 99.63659632238618
  _data_pid03: 99.03719604034752
  _data_pid04: 99.64755935278258
  _data_pid05: 99.76158998017293
  _data_pid06: 99.69637678709128
  average: 99.5930691926238
  standard: 0.23406549438563745
  std/ave: 0.23502187078192097
runtime:
  _data_pid00: 14.294439263157907
  _data_pid01: 14.334395037345091
  _data_pid02: 14.455150128425148
  _data_pid03: 14.203406463970115
  _data_pid04: 13.983634435166465
  _data_pid05: 14.272638375810368
  _data_pid06: 14.456336296124908
  average: 14.285714285714286
  standard: 0.15045839913388187
  std/ave: 1.053208793937173
  total(for debug): 100.0
time_response:
  average: 8240850.823529412
  size: 34
  standard: 2551405.4288146696
  std/ave: 30.96046128550046
time_turnaround:
  average: 3286278622.117647
  size: 34
  standard: 579591428.4460896
  std/ave: 17.636709941307604
