_environment:
  LOGSIZE: 500
  NCPU: 6
  NPROC: 15000
  date: 2023/11/13 02:42
  forknum: ''
  policy: multiple
  workload: calculation
balancing:
  _data_pid03: 68.02910018320286
  _data_pid04: 9.712366885658954
  _data_pid05: 8.478247159278817
  _data_pid06: 6.428482431137411
  _data_pid07: 4.103836492595743
  _data_pid08: 2.5909899876787996
  _data_pid09: 0.6569768604474088
  average: 14.285714285714286
  size: 7
  standard: 22.138878203020084
  std/ave: 154.9721474211406
  total(for debug): 100.0
clock:
  idle_average: 682180.4
  idle_size: 240
  running_average: 180015.15102040817
  running_size: 245
cpu_usage:
  _data_pid00: 9.251661236585859
  _data_pid01: 96.7909008041898
  _data_pid02: 4.131924940767738
  _data_pid03: 11.033471277989475
  _data_pid04: 11.513524413827454
  _data_pid05: 10.341264927727801
  average: 21.221357331959474
  standard: 32.81892156873757
  std/ave: 154.6504356689386
time_response:
  average: 8252773.818181818
  size: 33
  standard: 6017819.314362493
  std/ave: 72.91874764705824
time_turnaround:
  average: 1463702533.8181818
  size: 33
  standard: 104466393.87088971
  std/ave: 7.137132816077117
