_environment:
  LOGSIZE: 500
  NCPU: 8
  NPROC: 15000
  date: 2023/11/09 09:48
  forknum: ''
  policy: multiple
  workload: calculation
balancing:
  _data_pid03: 2.1748534590442645
  _data_pid04: 4.929943587024665
  _data_pid05: 4.289315117184131
  _data_pid06: 5.330523050226549
  _data_pid08: 4.8530518050940765
  _data_pid09: 3.883693018973269
  _data_pid10: 4.853002611030916
  _data_pid11: 0.938255474384756
  _data_pid12: 3.8827666119620567
  _data_pid13: 3.8818304635521987
  _data_pid14: 4.681368908291244
  _data_pid15: 3.3977433475294574
  _data_pid16: 3.3971963679954973
  _data_pid17: 3.8826433832691873
  _data_pid18: 3.8827865818292806
  _data_pid19: 0.48490734178871475
  _data_pid20: 3.394374771877753
  _data_pid21: 3.3984403446025615
  _data_pid22: 4.368848279357518
  _data_pid23: 3.3980696843840903
  _data_pid24: 2.9122792848081374
  _data_pid25: 2.9120566938490815
  _data_pid26: 2.912063999898066
  _data_pid27: 0.48589073598200433
  _data_pid28: 2.4269438085489417
  _data_pid29: 2.426689070974355
  _data_pid30: 3.3978042312709933
  _data_pid31: 2.4271858823052885
  _data_pid32: 2.4274430552295367
  _data_pid33: 1.9413818447712314
  _data_pid34: 1.9414027887783198
  _data_pid35: 0.4852443941818581
  average: 3.125
  size: 32
  standard: 1.3015523583845803
  std/ave: 41.64967546830657
  total(for debug): 100.0
clock:
  idle_average: 453234.69158878503
  idle_size: 214
  running_average: 34241065.02904564
  running_size: 241
cpu_usage:
  _data_pid00: 99.92853313190093
  _data_pid01: 96.17338554141783
  _data_pid02: 99.68956922599102
  _data_pid03: 96.36183004587758
  _data_pid04: 99.57578790226331
  _data_pid05: 99.68893308210941
  _data_pid06: 99.69061932555881
  _data_pid07: 99.65121728225154
  average: 98.83828971989425
  standard: 1.4917560528378557
  std/ave: 1.5092896255747268
time_response:
  average: 117500548.84848484
  size: 33
  standard: 199980652.83096582
  std/ave: 170.19550528979894
time_turnaround:
  average: 2622169519.5151515
  size: 33
  standard: 387234929.29002774
  std/ave: 14.767730553195847
