_environment:
  LOGSIZE: 500
  NCPU: 7
  NPROC: 5000
  date: 2023/12/04 07:03
  forknum: 32
  policy: multiple
  workload: calculation
balancing:
  _data_pid04: 0.013385563382455943
  _data_pid05: 3.0310582467602822
  _data_pid06: 3.467339251437828
  _data_pid07: 3.034298316696046
  _data_pid08: 2.601008647555759
  _data_pid09: 2.8737541776725117
  _data_pid10: 3.0343409320300556
  _data_pid11: 2.6011356238570937
  _data_pid12: 2.6375412949109305
  _data_pid13: 3.062873637550809
  _data_pid14: 3.467401000187107
  _data_pid15: 3.768068271087029
  _data_pid16: 3.680209367570528
  _data_pid17: 3.4598559118156893
  _data_pid18: 3.4680219664826746
  _data_pid19: 3.032705025024507
  _data_pid20: 3.0200721875927696
  _data_pid21: 3.027276788142459
  _data_pid22: 2.600672508237501
  _data_pid23: 3.468521174681072
  _data_pid24: 3.463268617339226
  _data_pid25: 3.032217122935133
  _data_pid26: 3.468390284726614
  _data_pid27: 3.049240209470543
  _data_pid28: 2.601015605161312
  _data_pid29: 3.0054246885032163
  _data_pid30: 3.9015568912186898
  _data_pid31: 3.464405316146378
  _data_pid32: 2.5978159763078223
  _data_pid33: 3.786826410507112
  _data_pid34: 2.651377363252916
  _data_pid35: 3.0341091567950853
  _data_pid36: 2.594812464960846
  average: 3.0303030303030303
  size: 33
  standard: 0.659580091156188
  std/ave: 21.766143008154202
  total(for debug): 100.0
clock:
  idle_average: 122770.64462809918
  idle_size: 242
  running_average: 31443882.393162392
  running_size: 234
counters:
  contextswitch: 8407
  worksteal: 0
cpu_usage:
  _data_pid00: 99.36937734911544
  _data_pid01: 99.6292286692379
  _data_pid02: 99.6840747577516
  _data_pid03: 99.62433532879345
  _data_pid04: 99.67129134597097
  _data_pid05: 99.68083186924405
  _data_pid06: 99.52921386368081
  average: 99.5978317646888
  standard: 0.10577011605362922
  std/ave: 0.10619720748893725
runtime:
  _data_pid00: 14.562122311818207
  _data_pid01: 14.203963476536686
  _data_pid02: 14.355996724568035
  _data_pid03: 13.864009651033815
  _data_pid04: 14.340621285997543
  _data_pid05: 14.517688433657398
  _data_pid06: 14.15559811638832
  average: 14.285714285714286
  standard: 0.22026478005611488
  std/ave: 1.541853460392804
  total(for debug): 100.0
time_response:
  average: 7325033.411764706
  size: 34
  standard: 5415311.669594118
  std/ave: 73.92883233674551
time_turnaround:
  average: 3366099632.0
  size: 34
  standard: 675432873.4728209
  std/ave: 20.06574217387339
