_environment:
  LOGSIZE: 500
  NCPU: 7
  NPROC: 5000
  date: 2023/11/28 07:43
  forknum: 32
  policy: multiple
  workload: calculation
balancing:
  _data_pid05: 2.8810637274836357
  _data_pid06: 2.8788081420540954
  _data_pid07: 2.881305220433175
  _data_pid08: 2.880661652042865
  _data_pid09: 3.7043672703705566
  _data_pid10: 2.87762255615482
  _data_pid11: 2.8809861194930146
  _data_pid12: 2.879045506919027
  _data_pid13: 2.880926675074667
  _data_pid14: 2.8791965948156615
  _data_pid15: 2.8811153285412296
  _data_pid16: 4.6705603338616495
  _data_pid17: 2.877505318551967
  _data_pid18: 3.7038017227793283
  _data_pid19: 2.881103357095868
  _data_pid20: 2.91707259670644
  _data_pid21: 2.879573901748788
  _data_pid22: 3.2922486125579873
  _data_pid23: 4.937276705969459
  _data_pid24: 2.8777868539221987
  _data_pid25: 2.7289669269708847
  _data_pid26: 2.761869825335002
  _data_pid27: 2.7306862742099107
  _data_pid28: 2.8810649659090184
  _data_pid29: 2.8808775508678375
  _data_pid30: 3.5500206637467153
  _data_pid31: 4.525831338756373
  _data_pid32: 2.877304280831581
  _data_pid33: 2.880916354863148
  _data_pid34: 2.880849067084046
  _data_pid35: 2.8783841877649046
  _data_pid36: 2.8812003670841446
  average: 3.125
  size: 32
  standard: 0.5663490202530048
  std/ave: 18.123168648096154
  total(for debug): 100.0
clock:
  idle_average: 106277.44129554655
  idle_size: 247
  running_average: 31511297.17073171
  running_size: 246
counters:
  contextswitch: 7571
  worksteal: 797
cpu_usage:
  _data_pid00: 99.59688215035756
  _data_pid01: 99.7034820504826
  _data_pid02: 99.69165417277112
  _data_pid03: 99.61477510804627
  _data_pid04: 99.67266881921871
  _data_pid05: 99.69384908119925
  _data_pid06: 99.66367206530153
  average: 99.6625041399688
  standard: 0.03817330717704273
  std/ave: 0.03830257678798746
runtime:
  _data_pid00: 14.241630175327554
  _data_pid01: 14.28618087722021
  _data_pid02: 14.440977032257807
  _data_pid03: 14.245463514694084
  _data_pid04: 14.401641752458275
  _data_pid05: 14.250438269454587
  _data_pid06: 14.133668378587483
  average: 14.285714285714286
  standard: 0.09671150343087936
  std/ave: 0.6769805240161555
  total(for debug): 100.0
time_response:
  average: 7676949.647058823
  size: 34
  standard: 4578041.935785943
  std/ave: 59.63360639651808
time_turnaround:
  average: 3032612519.529412
  size: 34
  standard: 640808318.1294147
  std/ave: 21.130570226256687
