_environment:
  LOGSIZE: 500
  NCPU: 8
  NPROC: 100
  date: 2023/11/14 01:45
  forknum: ''
  policy: multiple
  workload: calculation
balancing:
  _data_pid03: 60.61428278655833
  _data_pid04: 11.432696543861653
  _data_pid05: 8.939535066372633
  _data_pid06: 7.528449358117685
  _data_pid07: 4.957361244568145
  _data_pid08: 4.105751967494162
  _data_pid09: 1.7252466347351538
  _data_pid10: 0.6966763982922408
  average: 12.5
  size: 8
  standard: 18.49420560816234
  std/ave: 147.9536448652987
  total(for debug): 100.0
clock:
  idle_average: 1243230.372881356
  idle_size: 236
  running_average: 260742.47773279352
  running_size: 247
cpu_usage:
  _data_pid00: 8.96588677779469
  _data_pid01: 15.584794542359516
  _data_pid02: 5.894628087113363
  _data_pid03: 16.05605425239156
  _data_pid04: 5.4705575520575
  _data_pid05: 11.63020984223862
  _data_pid06: 8.150709294119045
  _data_pid07: 97.04928533464847
  average: 17.999540309244882
  standard: 29.11432072811704
  std/ave: 161.7503571086391
time_response:
  average: 7998317.575757576
  size: 33
  standard: 3655913.4592038444
  std/ave: 45.70853088260336
time_turnaround:
  average: 1715497365.3333333
  size: 33
  standard: 169478125.6645738
  std/ave: 9.879241384415826
