_environment:
  LOGSIZE: 500
  NCPU: 4
  NPROC: 5000
  date: 2023/11/12 23:50
  forknum: ''
  policy: multiple
  workload: calculation
balancing:
  _data_pid03: 77.97436457056698
  _data_pid04: 8.961687560508999
  _data_pid05: 5.943092960210162
  _data_pid06: 3.52177364617735
  _data_pid07: 2.3812664538508708
  _data_pid08: 1.2178148086856346
  average: 16.666666666666664
  size: 6
  standard: 27.53338414189311
  std/ave: 165.20030485135868
  total(for debug): 99.99999999999999
clock:
  idle_average: 284238.80991735536
  idle_size: 242
  running_average: 172691.61290322582
  running_size: 248
cpu_usage:
  _data_pid00: 16.199999724069805
  _data_pid01: 18.713394431313898
  _data_pid02: 96.86892135320588
  _data_pid03: 9.878259533019492
  average: 38.371336924398406
  standard: 35.74851654107013
  std/ave: 93.16463643553541
time_response:
  average: 7252707.878787879
  size: 33
  standard: 5836841.976062553
  std/ave: 80.47810657221788
time_turnaround:
  average: 1279597023.030303
  size: 33
  standard: 89178321.68833683
  std/ave: 6.969250481463877
