_environment:
  LOGSIZE: 500
  NCPU: 8
  NPROC: 100
  date: 2023/11/13 02:44
  forknum: ''
  policy: multiple
  workload: calculation
balancing:
  _data_pid03: 73.00761913857527
  _data_pid04: 8.627639510373138
  _data_pid05: 7.422673157589177
  _data_pid06: 5.276561338176513
  _data_pid07: 3.166137864005862
  _data_pid08: 2.120261106561306
  _data_pid09: 0.379107884718746
  average: 14.285714285714286
  size: 7
  standard: 24.12342969727286
  std/ave: 168.86400788091004
  total(for debug): 100.0
clock:
  idle_average: 1799233.7478991596
  idle_size: 238
  running_average: 405352.8097165992
  running_size: 247
cpu_usage:
  _data_pid00: 11.437035671973554
  _data_pid01: 5.118844761426398
  _data_pid02: 44.68369443877669
  _data_pid03: 50.598310505891604
  _data_pid04: 7.554459957699129
  _data_pid05: 12.479616438732544
  _data_pid06: 7.149172273003466
  _data_pid07: 8.416744582947155
  average: 18.95033244667159
  standard: 17.078934557053973
  std/ave: 90.12472264070328
time_response:
  average: 11424967.757575758
  size: 33
  standard: 4991717.0064061675
  std/ave: 43.69130059991828
time_turnaround:
  average: 1752362169.2121212
  size: 33
  standard: 184802171.76406384
  std/ave: 10.54588914386075
