_environment:
  LOGSIZE: 500
  NCPU: 8
  NPROC: 100
  date: 2023/11/09 09:22
  forknum: ''
  policy: multiple
  workload: calculation
balancing:
  _data_pid03: 1.9087167571170935
  _data_pid04: 4.265779895585027
  _data_pid05: 3.941838020660376
  _data_pid06: 3.838625847269359
  _data_pid07: 3.839696352043483
  _data_pid08: 3.9372096051045675
  _data_pid09: 3.3610761727644776
  _data_pid10: 3.359760926124803
  _data_pid11: 2.8810521001858342
  _data_pid12: 3.847034272032087
  _data_pid13: 3.3614230509991168
  _data_pid14: 3.361045339143621
  _data_pid15: 3.3610092059941796
  _data_pid16: 3.3604585367966893
  _data_pid17: 3.360293287859909
  _data_pid18: 3.3607707272078646
  _data_pid19: 2.40104922572153
  _data_pid20: 3.8415034912908896
  _data_pid21: 2.880888778350358
  _data_pid22: 2.880962971750545
  _data_pid23: 2.880780378902033
  _data_pid24: 2.8802306732551948
  _data_pid25: 2.879717582533124
  _data_pid26: 2.880811694298216
  _data_pid27: 1.9200640113677392
  _data_pid28: 3.36162539663599
  _data_pid29: 2.400991894457749
  _data_pid30: 2.4011682242270243
  _data_pid31: 2.4012886680584966
  _data_pid32: 2.400915773956259
  _data_pid33: 2.4004763948590484
  _data_pid34: 2.400517827537075
  _data_pid35: 1.4412169159102408
  average: 3.0303030303030303
  size: 33
  standard: 0.6683787910650075
  std/ave: 22.05650010514525
  total(for debug): 100.0
clock:
  idle_average: 261845.2350230415
  idle_size: 217
  running_average: 31151281.58677686
  running_size: 242
cpu_usage:
  _data_pid00: 99.7347601560507
  _data_pid01: 99.32493423514583
  _data_pid02: 99.57204472319306
  _data_pid03: 99.34344106358688
  _data_pid04: 99.6847580001912
  _data_pid05: 99.66680849185803
  _data_pid06: 97.03675671141868
  _data_pid07: 99.67624728476365
  average: 99.25191316606546
  standard: 0.8511613541809816
  std/ave: 0.8575767731115095
time_response:
  average: 47920189.09090909
  size: 33
  standard: 38022344.892386794
  std/ave: 79.34514786712306
time_turnaround:
  average: 2769590217.6969695
  size: 33
  standard: 198801005.95861745
  std/ave: 7.177993505621521
