_environment:
  LOGSIZE: 500
  NCPU: 8
  NPROC: 15000
  date: 2023/11/14 01:45
  forknum: ''
  policy: multiple
  workload: calculation
balancing:
  _data_pid03: 61.46552694019596
  _data_pid04: 11.161696796857914
  _data_pid05: 8.813792004975559
  _data_pid06: 7.147371840817529
  _data_pid07: 5.662984298422257
  _data_pid08: 2.8860387299685106
  _data_pid09: 1.9535007780630467
  _data_pid10: 0.9090886106992201
  average: 12.5
  size: 8
  standard: 18.796288028710208
  std/ave: 150.37030422968166
  total(for debug): 99.99999999999997
clock:
  idle_average: 1376687.186440678
  idle_size: 236
  running_average: 253704.12903225806
  running_size: 248
cpu_usage:
  _data_pid00: 12.371106839454168
  _data_pid01: 12.389503523038073
  _data_pid02: 13.790392942869895
  _data_pid03: 5.258829031027547
  _data_pid04: 3.920224606820057
  _data_pid05: 97.09290483873545
  _data_pid06: 6.831805931317491
  _data_pid07: 9.634476118777398
  average: 16.223800516119983
  standard: 29.534970641758225
  std/ave: 182.04717576755368
time_response:
  average: 8559273.696969697
  size: 33
  standard: 5014170.705864926
  std/ave: 58.58173115366236
time_turnaround:
  average: 1752827020.6060605
  size: 33
  standard: 194483715.99702016
  std/ave: 11.095431192621342
