_environment:
  LOGSIZE: 500
  NCPU: 7
  NPROC: 100
  date: 2023/11/21 05:51
  forknum: 32
  policy: multiple
  workload: calculation
balancing:
  _data_pid05: 2.875256094738076
  _data_pid06: 2.8748370035280426
  _data_pid07: 2.8752787817622414
  _data_pid08: 3.289623041357533
  _data_pid09: 2.8787841332414374
  _data_pid10: 2.878730096874789
  _data_pid11: 2.707767282627485
  _data_pid12: 2.9263278860647084
  _data_pid13: 2.878683072861065
  _data_pid14: 2.8737199769564183
  _data_pid15: 2.8780824854577105
  _data_pid16: 3.700856291202755
  _data_pid17: 4.5217912105163744
  _data_pid18: 2.8787725834836806
  _data_pid19: 2.7416489094984784
  _data_pid20: 2.8764250952196058
  _data_pid21: 2.875256094738076
  _data_pid22: 3.660766669537469
  _data_pid23: 2.8776180201993466
  _data_pid24: 4.728411839381132
  _data_pid25: 2.8787164846602904
  _data_pid26: 2.8785613879132703
  _data_pid27: 2.875694573041487
  _data_pid28: 2.8760616903416145
  _data_pid29: 3.7006698451132527
  _data_pid30: 2.8779414134165378
  _data_pid31: 4.932925049946618
  _data_pid32: 2.8790572025141166
  _data_pid33: 2.878568400266194
  _data_pid34: 2.668906472689255
  _data_pid35: 2.8757997583353436
  _data_pid36: 2.878461152515595
  average: 3.125
  size: 32
  standard: 0.5762550523611685
  std/ave: 18.44016167555739
  total(for debug): 100.00000000000001
clock:
  idle_average: 112157.53846153847
  idle_size: 247
  running_average: 31535522.211382113
  running_size: 246
cpu_usage:
  _data_pid00: 99.67613097171463
  _data_pid01: 99.6912648219668
  _data_pid02: 99.57413497251638
  _data_pid03: 99.57314694088882
  _data_pid04: 99.68453182246455
  _data_pid05: 99.65723500292778
  _data_pid06: 99.65304376115367
  average: 99.64417030888706
  standard: 0.046394458469480836
  std/ave: 0.04656013324779825
runtime:
  _data_pid00: 14.223097686527009
  _data_pid01: 14.256191867413797
  _data_pid02: 14.427915315707656
  _data_pid03: 14.17036932994497
  _data_pid04: 14.35191584721101
  _data_pid05: 14.38738185335143
  _data_pid06: 14.183128099844126
  average: 14.285714285714283
  standard: 0.09528968615597903
  std/ave: 0.6670278030918533
  total(for debug): 99.99999999999999
time_response:
  average: 7921714.823529412
  size: 34
  standard: 4724824.776149809
  std/ave: 59.64396448753665
time_turnaround:
  average: 3161140019.7647057
  size: 34
  standard: 664472070.1564468
  std/ave: 21.020013855821094
