_environment:
  LOGSIZE: 500
  NCPU: 7
  NPROC: 15000
  date: 2023/12/04 07:02
  forknum: 32
  policy: multiple
  workload: calculation
balancing:
  _data_pid04: 0.03817564330775679
  _data_pid05: 2.7659430631684025
  _data_pid06: 3.0252618874082313
  _data_pid07: 3.6796850593394
  _data_pid08: 2.7852116197519505
  _data_pid09: 3.0250509938288332
  _data_pid10: 2.8944783604376347
  _data_pid11: 2.592482226238448
  _data_pid12: 3.027284469658387
  _data_pid13: 3.026982449223693
  _data_pid14: 3.4598189561936845
  _data_pid15: 3.4590448118610784
  _data_pid16: 3.4590964504124124
  _data_pid17: 3.762259442296789
  _data_pid18: 3.4605835539033554
  _data_pid19: 3.0287607247141755
  _data_pid20: 2.592481792301042
  _data_pid21: 2.5943963241370613
  _data_pid22: 3.8917398552366587
  _data_pid23: 3.0241297447155353
  _data_pid24: 3.4583379278264283
  _data_pid25: 2.596124696825834
  _data_pid26: 3.4598588784350524
  _data_pid27: 3.0243944465332984
  _data_pid28: 3.0292042087432804
  _data_pid29: 3.6532396119952155
  _data_pid30: 3.4595581598125773
  _data_pid31: 2.5919714819113864
  _data_pid32: 3.0286708996710985
  _data_pid33: 3.460813106791219
  _data_pid34: 3.02497201722091
  _data_pid35: 3.0243102626765017
  _data_pid36: 2.5956768734226676
  average: 3.0303030303030303
  size: 33
  standard: 0.6468244562990201
  std/ave: 21.34520705786766
  total(for debug): 99.99999999999999
clock:
  idle_average: 132140.42975206612
  idle_size: 242
  running_average: 31502223.316239316
  running_size: 234
counters:
  contextswitch: 8229
  worksteal: 0
cpu_usage:
  _data_pid00: 99.278005224257
  _data_pid01: 99.61301650623768
  _data_pid02: 99.57604698503381
  _data_pid03: 99.55995295432986
  _data_pid04: 99.66642009451996
  _data_pid05: 99.64960218798626
  _data_pid06: 99.63807083357248
  average: 99.56806926991314
  standard: 0.1239283453670646
  std/ave: 0.12446595206251779
runtime:
  _data_pid00: 14.444761271787742
  _data_pid01: 14.099116241776782
  _data_pid02: 14.452110869636034
  _data_pid03: 14.127372075979505
  _data_pid04: 14.273544325185089
  _data_pid05: 14.463843235286639
  _data_pid06: 14.139251980348208
  average: 14.285714285714286
  standard: 0.1540890697027682
  std/ave: 1.0786234879193775
  total(for debug): 100.0
time_response:
  average: 7483283.764705882
  size: 34
  standard: 5655325.315498445
  std/ave: 75.57277651518696
time_turnaround:
  average: 3315079008.9411764
  size: 34
  standard: 676277612.1416869
  std/ave: 20.400045076382277
