_environment:
  LOGSIZE: 500
  NCPU: 6
  NPROC: 5000
  date: 2023/11/13 02:42
  forknum: ''
  policy: multiple
  workload: calculation
balancing:
  _data_pid03: 67.20876925919734
  _data_pid04: 11.428883589829326
  _data_pid05: 8.420738485544419
  _data_pid06: 6.122906895914543
  _data_pid07: 4.166849982841606
  _data_pid08: 2.6518517866727676
  average: 16.666666666666668
  size: 6
  standard: 22.780712459429303
  std/ave: 136.6842747565758
  total(for debug): 100.0
clock:
  idle_average: 655425.4605809129
  idle_size: 241
  running_average: 193604.9430894309
  running_size: 246
cpu_usage:
  _data_pid00: 98.7472486982828
  _data_pid01: 8.318288820355042
  _data_pid02: 8.278333334802154
  _data_pid03: 11.818925160496647
  _data_pid04: 10.118447838658332
  _data_pid05: 13.688039572749656
  average: 23.16655695663063
  standard: 33.02381823305373
  std/ave: 142.5495307519221
time_response:
  average: 8947272.727272727
  size: 33
  standard: 8681290.784204844
  std/ave: 97.0272288419562
time_turnaround:
  average: 1464217283.878788
  size: 33
  standard: 93540459.2861091
  std/ave: 6.388427476987264
