_environment:
  LOGSIZE: 500
  NCPU: 7
  NPROC: 15000
  date: 2023/11/28 07:43
  forknum: 32
  policy: multiple
  workload: calculation
balancing:
  _data_pid05: 2.735866101364771
  _data_pid06: 3.4516385944590993
  _data_pid07: 2.875883242952778
  _data_pid08: 3.2860477021025862
  _data_pid09: 2.879575950136653
  _data_pid10: 2.7585628412737058
  _data_pid11: 2.889015252366004
  _data_pid12: 2.879998445349646
  _data_pid13: 2.875900159265017
  _data_pid14: 2.868072857814146
  _data_pid15: 3.696978346418926
  _data_pid16: 3.7019278118242624
  _data_pid17: 3.6994448272619653
  _data_pid18: 2.8776957639202374
  _data_pid19: 2.8749722376497617
  _data_pid20: 2.867359484549239
  _data_pid21: 3.697254371123508
  _data_pid22: 2.8588130335317206
  _data_pid23: 3.700907881974147
  _data_pid24: 2.876693575568323
  _data_pid25: 2.7868597057197064
  _data_pid26: 3.062069539163759
  _data_pid27: 2.8599856227849685
  _data_pid28: 3.4775568603671063
  _data_pid29: 3.2878614608489896
  _data_pid30: 3.698342378815562
  _data_pid31: 3.701791656140388
  _data_pid32: 2.8689042326717447
  _data_pid33: 2.891834500208174
  _data_pid34: 2.8756047426903066
  _data_pid35: 2.8491311266292834
  _data_pid36: 3.2874496930535146
  average: 3.125
  size: 32
  standard: 0.35538291208970785
  std/ave: 11.372253186870651
  total(for debug): 99.99999999999999
clock:
  idle_average: 146551.06072874495
  idle_size: 247
  running_average: 31527754.14634146
  running_size: 246
counters:
  contextswitch: 7789
  worksteal: 795
cpu_usage:
  _data_pid00: 99.64284061924681
  _data_pid01: 99.70397784781316
  _data_pid02: 99.5631768898084
  _data_pid03: 98.97830611079317
  _data_pid04: 99.56946658174023
  _data_pid05: 99.60041912203059
  _data_pid06: 99.68709016429342
  average: 99.53544670269893
  standard: 0.23283510704217542
  std/ave: 0.23392179847007408
runtime:
  _data_pid00: 14.270871665800014
  _data_pid01: 14.305628085963418
  _data_pid02: 14.564429921721622
  _data_pid03: 14.171868742124891
  _data_pid04: 13.96954387144494
  _data_pid05: 14.16139176854722
  _data_pid06: 14.556265944397898
  average: 14.285714285714286
  standard: 0.19995645794125141
  std/ave: 1.39969520558876
  total(for debug): 100.0
time_response:
  average: 8280204.235294118
  size: 34
  standard: 5536303.141154282
  std/ave: 66.86191528411773
time_turnaround:
  average: 3100293599.0588236
  size: 34
  standard: 574456677.6985533
  std/ave: 18.529105690923753
