_environment:
  LOGSIZE: 500
  NCPU: 8
  NPROC: 5000
  date: 2023/11/14 01:45
  forknum: ''
  policy: multiple
  workload: calculation
balancing:
  _data_pid03: 74.81302219897039
  _data_pid04: 8.031687165088396
  _data_pid05: 5.3724774249070535
  _data_pid06: 4.845596270350088
  _data_pid07: 3.482693718598409
  _data_pid08: 1.799080898855535
  _data_pid09: 1.0615401522445076
  _data_pid10: 0.5939021709856268
  average: 12.500000000000002
  size: 8
  standard: 23.66612833000882
  std/ave: 189.32902664007054
  total(for debug): 100.00000000000001
clock:
  idle_average: 1340331.4285714286
  idle_size: 238
  running_average: 394646.33469387755
  running_size: 245
cpu_usage:
  _data_pid00: 65.4235947797382
  _data_pid01: 44.295817942859536
  _data_pid02: 13.607650300538594
  _data_pid03: 6.32974938970708
  _data_pid04: 6.6394424442426985
  _data_pid05: 9.830486105647333
  _data_pid06: 9.801159388685965
  _data_pid07: 7.227025076403552
  average: 23.259880159128873
  standard: 20.90114099612888
  std/ave: 89.85919468688986
time_response:
  average: 9197213.090909092
  size: 33
  standard: 5757391.455544641
  std/ave: 62.59930479631364
time_turnaround:
  average: 1710080704.969697
  size: 33
  standard: 148731082.67652726
  std/ave: 8.697313655682864
