_environment:
  LOGSIZE: 500
  NCPU: 8
  NPROC: 5000
  date: 2023/11/09 09:22
  forknum: ''
  policy: multiple
  workload: calculation
balancing:
  _data_pid03: 2.1060962029787587
  _data_pid04: 4.3310507737549475
  _data_pid05: 4.175005766775159
  _data_pid06: 3.318768336285402
  _data_pid07: 3.792772101276751
  _data_pid08: 3.7925303267265598
  _data_pid09: 3.7927759087499826
  _data_pid10: 3.794116615261574
  _data_pid11: 2.8450291906836327
  _data_pid12: 3.3204712286881266
  _data_pid13: 3.320169010500388
  _data_pid14: 3.3205264370499816
  _data_pid15: 4.017821373430888
  _data_pid16: 3.320481223305359
  _data_pid17: 3.3201099946653017
  _data_pid18: 3.320149497200077
  _data_pid19: 2.3724184849608068
  _data_pid20: 2.846064823402562
  _data_pid21: 2.846237111566281
  _data_pid22: 2.8459486954690054
  _data_pid23: 3.794024284035714
  _data_pid24: 2.8455636647384845
  _data_pid25: 2.846075293953948
  _data_pid26: 2.845691215091735
  _data_pid27: 1.896934088816614
  _data_pid28: 2.372143870953995
  _data_pid29: 2.3720396413742866
  _data_pid30: 2.3718654494739524
  _data_pid31: 3.3194998470799764
  _data_pid32: 2.3713942746615717
  _data_pid33: 2.3709435650178095
  _data_pid34: 2.371488509624048
  _data_pid35: 1.4237931924463214
  average: 3.0303030303030307
  size: 33
  standard: 0.6865153325821759
  std/ave: 22.6550059752118
  total(for debug): 99.99999999999999
clock:
  idle_average: 122793.62962962964
  idle_size: 216
  running_average: 31548633.679012347
  running_size: 243
cpu_usage:
  _data_pid00: 99.71457854460928
  _data_pid01: 99.70130075553438
  _data_pid02: 99.69976853678688
  _data_pid03: 99.68911591601626
  _data_pid04: 99.36663854488415
  _data_pid05: 99.69317725266835
  _data_pid06: 99.68596290929186
  _data_pid07: 99.69525666241667
  average: 99.65521940992548
  standard: 0.10957215256786151
  std/ave: 0.10995124311265962
time_response:
  average: 44122449.45454545
  size: 33
  standard: 36124585.696920805
  std/ave: 81.8734819655378
time_turnaround:
  average: 2849704561.4545455
  size: 33
  standard: 215991357.85879228
  std/ave: 7.5794298391601
