_environment:
  LOGSIZE: 500
  NCPU: 7
  NPROC: 5000
  date: 2023/11/21 05:51
  forknum: 32
  policy: multiple
  workload: calculation
balancing:
  _data_pid05: 3.3082121928298305
  _data_pid06: 2.8808399565014304
  _data_pid07: 2.779322211049494
  _data_pid08: 2.8793371642452974
  _data_pid09: 2.875194989875577
  _data_pid10: 2.878434663181587
  _data_pid11: 2.880875049177741
  _data_pid12: 2.881256114356975
  _data_pid13: 2.8767233791426663
  _data_pid14: 3.700555332519808
  _data_pid15: 2.8778880431411693
  _data_pid16: 2.8806009134475015
  _data_pid17: 4.540575331051612
  _data_pid18: 2.8807685325837626
  _data_pid19: 2.8811372121125336
  _data_pid20: 2.8807990838549036
  _data_pid21: 2.8752259540017335
  _data_pid22: 3.6991627725527922
  _data_pid23: 2.880330906267416
  _data_pid24: 4.931702612721176
  _data_pid25: 2.880709494316557
  _data_pid26: 2.8812523986618364
  _data_pid27: 2.8936046078682214
  _data_pid28: 3.6988960682128305
  _data_pid29: 2.8777336353654017
  _data_pid30: 2.8810331726486478
  _data_pid31: 4.932451531719149
  _data_pid32: 2.739339267081033
  _data_pid33: 2.8807293113572974
  _data_pid34: 2.8769636607616413
  _data_pid35: 2.719428095397302
  _data_pid36: 2.468916341995074
  average: 3.125
  size: 32
  standard: 0.6042043884106749
  std/ave: 19.334540429141597
  total(for debug): 100.00000000000003
clock:
  idle_average: 123665.30081300813
  idle_size: 246
  running_average: 31380182.153846152
  running_size: 247
cpu_usage:
  _data_pid00: 99.68869380213253
  _data_pid01: 99.69345663974369
  _data_pid02: 99.51248671042185
  _data_pid03: 99.58480625307558
  _data_pid04: 99.57475655615387
  _data_pid05: 99.65454344087779
  _data_pid06: 99.5572068340009
  average: 99.6090427076912
  standard: 0.06471176733382744
  std/ave: 0.06496575569321358
runtime:
  _data_pid00: 14.262532299660524
  _data_pid01: 14.303697247538135
  _data_pid02: 14.397712591649839
  _data_pid03: 14.234283520940364
  _data_pid04: 14.406826366115261
  _data_pid05: 13.990218498603937
  _data_pid06: 14.404729475491937
  average: 14.285714285714283
  standard: 0.13742532887137868
  std/ave: 0.961977302099651
  total(for debug): 99.99999999999999
time_response:
  average: 7673633.882352941
  size: 34
  standard: 4163914.569809773
  std/ave: 54.262617081400364
time_turnaround:
  average: 3087577707.2941175
  size: 34
  standard: 646819429.917787
  std/ave: 20.949089909210567
