_environment:
  LOGSIZE: 500
  NCPU: 7
  NPROC: 100
  date: 2023/11/28 07:43
  forknum: 32
  policy: multiple
  workload: calculation
balancing:
  _data_pid05: 2.888752740922284
  _data_pid06: 2.868369041667731
  _data_pid07: 3.5249986777956432
  _data_pid08: 2.8729806652847194
  _data_pid09: 2.8724520732948715
  _data_pid10: 3.697400797284777
  _data_pid11: 3.691646719562871
  _data_pid12: 2.8672108581222386
  _data_pid13: 2.889211792227485
  _data_pid14: 2.8733846635479074
  _data_pid15: 3.287233695862582
  _data_pid16: 2.8770173364554283
  _data_pid17: 3.692839259518041
  _data_pid18: 3.7137221615445255
  _data_pid19: 2.8892635338083235
  _data_pid20: 2.7080868700742453
  _data_pid21: 2.8653067679473754
  _data_pid22: 2.870982198466407
  _data_pid23: 3.522791174990743
  _data_pid24: 3.283150250302795
  _data_pid25: 3.715271925373805
  _data_pid26: 2.8934243847730454
  _data_pid27: 3.104383916370505
  _data_pid28: 2.8746649572241796
  _data_pid29: 2.8738900753095398
  _data_pid30: 3.6921463362674496
  _data_pid31: 3.6917870427301054
  _data_pid32: 3.3008160677990546
  _data_pid33: 2.8885014838057317
  _data_pid34: 2.8669943713480093
  _data_pid35: 2.8777193662242477
  _data_pid36: 2.4635987940933317
  average: 3.125
  size: 32
  standard: 0.3694430049256658
  std/ave: 11.822176157621305
  total(for debug): 99.99999999999999
clock:
  idle_average: 224918.15384615384
  idle_size: 247
  running_average: 31425716.68292683
  running_size: 246
counters:
  contextswitch: 7725
  worksteal: 783
cpu_usage:
  _data_pid00: 99.70659619534055
  _data_pid01: 99.6707955774022
  _data_pid02: 98.96815920711302
  _data_pid03: 99.20427289014329
  _data_pid04: 99.16278520464027
  _data_pid05: 99.16498520506508
  _data_pid06: 99.1258173165766
  average: 99.28650425829579
  standard: 0.2640768829623925
  std/ave: 0.265974600410335
runtime:
  _data_pid00: 14.421456874280256
  _data_pid01: 14.44915393553687
  _data_pid02: 14.57226495545586
  _data_pid03: 14.206836522355301
  _data_pid04: 13.95794047761958
  _data_pid05: 14.19957200440555
  _data_pid06: 14.192775230346586
  average: 14.285714285714288
  standard: 0.191596818971953
  std/ave: 1.3411777328036707
  total(for debug): 100.00000000000001
time_response:
  average: 8444298.352941176
  size: 34
  standard: 5380244.9412013255
  std/ave: 63.71452921636016
time_turnaround:
  average: 3250616355.7647057
  size: 34
  standard: 606203399.7856067
  std/ave: 18.648875580489648
