_environment:
  LOGSIZE: 500
  NCPU: 6
  NPROC: 100
  date: 2023/11/13 02:42
  forknum: ''
  policy: multiple
  workload: calculation
balancing:
  _data_pid03: 69.37388543656316
  _data_pid04: 10.205295742835824
  _data_pid05: 8.429844803793621
  _data_pid06: 5.7068528905905636
  _data_pid07: 3.9868600353203174
  _data_pid08: 1.761766476812759
  _data_pid09: 0.5354946140837604
  average: 14.285714285714286
  size: 7
  standard: 22.713207910393585
  std/ave: 158.99245537275507
  total(for debug): 100.0
clock:
  idle_average: 651323.3138075314
  idle_size: 239
  running_average: 195301.59349593497
  running_size: 246
cpu_usage:
  _data_pid00: 15.005744209035774
  _data_pid01: 7.1544244911670845
  _data_pid02: 8.783767678372795
  _data_pid03: 93.55759685830917
  _data_pid04: 8.433739497904547
  _data_pid05: 10.845314890056299
  average: 23.58454791993405
  standard: 31.226779523662152
  std/ave: 132.4035535032188
time_response:
  average: 8519829.333333334
  size: 33
  standard: 7093563.057133686
  std/ave: 83.2594501556567
time_turnaround:
  average: 1406045207.2727273
  size: 33
  standard: 138841276.92683333
  std/ave: 9.874595511487179
