_environment:
  LOGSIZE: 500
  NCPU: 7
  NPROC: 15000
  date: 2023/11/21 05:51
  forknum: 32
  policy: multiple
  workload: calculation
balancing:
  _data_pid05: 3.684422023149851
  _data_pid06: 2.8674900795756066
  _data_pid07: 2.870731453499075
  _data_pid08: 2.9398097388371145
  _data_pid09: 2.8490216523654683
  _data_pid10: 2.869881209856967
  _data_pid11: 2.80014230947818
  _data_pid12: 2.870466549335786
  _data_pid13: 2.86737161311749
  _data_pid14: 2.847875653919938
  _data_pid15: 2.8694608184674006
  _data_pid16: 4.818937037738893
  _data_pid17: 3.2770109375843957
  _data_pid18: 2.868538178656444
  _data_pid19: 2.870793154779344
  _data_pid20: 2.866654232898895
  _data_pid21: 2.7794324804268014
  _data_pid22: 2.869516760961511
  _data_pid23: 3.6858596629801204
  _data_pid24: 4.915211190710196
  _data_pid25: 2.86958380968607
  _data_pid26: 2.8677566291063687
  _data_pid27: 2.830776172448036
  _data_pid28: 2.866863605909941
  _data_pid29: 2.847097806446679
  _data_pid30: 4.509078555671916
  _data_pid31: 3.593802586844274
  _data_pid32: 2.8691778152619
  _data_pid33: 2.8681506946163537
  _data_pid34: 2.8703106507676397
  _data_pid35: 2.8484095756651993
  _data_pid36: 2.870365359236145
  average: 3.125
  size: 32
  standard: 0.5762742336673553
  std/ave: 18.44077547735537
  total(for debug): 100.0
clock:
  idle_average: 152959.2226720648
  idle_size: 247
  running_average: 31623647.089430895
  running_size: 246
cpu_usage:
  _data_pid00: 99.62589900878008
  _data_pid01: 99.69461917648087
  _data_pid02: 99.58931103373723
  _data_pid03: 98.91182828804325
  _data_pid04: 99.6372597496852
  _data_pid05: 99.57017039979524
  _data_pid06: 99.58631398423185
  average: 99.51669476123416
  standard: 0.24984613414091436
  std/ave: 0.25105951794355585
runtime:
  _data_pid00: 14.274932192658198
  _data_pid01: 14.313077980829881
  _data_pid02: 14.409742908576224
  _data_pid03: 14.171837168824087
  _data_pid04: 14.346087754431966
  _data_pid05: 14.241095210558644
  _data_pid06: 14.243226784121005
  average: 14.285714285714286
  standard: 0.07236527162911663
  std/ave: 0.5065569014038164
  total(for debug): 100.0
time_response:
  average: 7564315.294117647
  size: 34
  standard: 3689467.4379013143
  std/ave: 48.77463847614087
time_turnaround:
  average: 3183472919.529412
  size: 34
  standard: 680758368.6351963
  std/ave: 21.38414196832017
