_environment:
  LOGSIZE: 500
  NCPU: 8
  NPROC: 100
  date: 2023/11/14 03:16
  forknum: 32
  policy: multiple
  workload: calculation
balancing:
  _data_pid03: 2.074853360437444
  _data_pid04: 4.318587459482593
  _data_pid05: 4.699628743300293
  _data_pid06: 3.3017086425246136
  _data_pid07: 4.243499590841111
  _data_pid08: 3.7728821550463447
  _data_pid09: 4.24357767821128
  _data_pid10: 4.2432090111727225
  _data_pid11: 2.8279213327577524
  _data_pid12: 3.302277497184879
  _data_pid13: 3.990795136525497
  _data_pid14: 3.301992596597957
  _data_pid15: 3.3017431902702037
  _data_pid16: 3.3012850776985423
  _data_pid17: 3.3011525657976484
  _data_pid18: 3.3221206810869397
  _data_pid19: 2.8306524976865313
  _data_pid20: 2.830072758120121
  _data_pid21: 3.772755322226918
  _data_pid22: 2.8295128953388446
  _data_pid23: 2.830294715554118
  _data_pid24: 2.83021189561606
  _data_pid25: 2.829748103962931
  _data_pid26: 2.829934093880971
  _data_pid27: 1.8870906224659465
  _data_pid28: 2.3592418835135582
  _data_pid29: 3.301627242356922
  _data_pid30: 2.3588505001491327
  _data_pid31: 1.8865624678895268
  _data_pid32: 1.8867347333606888
  _data_pid33: 1.886729527536011
  _data_pid34: 1.8867910509185688
  _data_pid35: 1.415954970487328
  average: 3.0303030303030303
  size: 33
  standard: 0.8306124224861671
  std/ave: 27.41020994204351
  total(for debug): 100.00000000000001
clock:
  idle_average: 122427.57603686636
  idle_size: 217
  running_average: 31828461.752066117
  running_size: 242
cpu_usage:
  _data_pid00: 99.72326407190836
  _data_pid01: 99.6979256034092
  _data_pid02: 99.66881094616917
  _data_pid03: 99.3985801022695
  _data_pid04: 99.69647063307072
  _data_pid05: 99.6912794228727
  _data_pid06: 99.69357172136827
  _data_pid07: 99.68594176548775
  average: 99.65627381843721
  standard: 0.09867769065839692
  std/ave: 0.09901804159181873
time_response:
  average: 48895381.333333336
  size: 33
  standard: 42352563.84016851
  std/ave: 86.61874124968854
time_turnaround:
  average: 2935142730.6666665
  size: 33
  standard: 193112166.92554718
  std/ave: 6.579310944844073
