_environment:
  LOGSIZE: 500
  NCPU: 8
  NPROC: 5000
  date: 2023/11/14 03:16
  forknum: 32
  policy: multiple
  workload: calculation
balancing:
  _data_pid03: 2.1551167519014105
  _data_pid04: 4.356097419888137
  _data_pid05: 4.254439572135909
  _data_pid06: 3.3325638705911773
  _data_pid07: 3.807740317436967
  _data_pid08: 3.8074230920173773
  _data_pid09: 3.8091238789055404
  _data_pid10: 3.8076968422665107
  _data_pid11: 2.8554501510399084
  _data_pid12: 3.3337711426322976
  _data_pid13: 3.3338241727852713
  _data_pid14: 4.007685970607403
  _data_pid15: 3.3330463972083244
  _data_pid16: 3.333361233882285
  _data_pid17: 3.3327253497957274
  _data_pid18: 3.332430100835928
  _data_pid19: 2.3810772782238634
  _data_pid20: 2.857040577879992
  _data_pid21: 2.857110807001497
  _data_pid22: 3.8090283290803626
  _data_pid23: 2.85690250838261
  _data_pid24: 2.8560339604717444
  _data_pid25: 2.8563086662191304
  _data_pid26: 2.8571327834612883
  _data_pid27: 1.903987446128889
  _data_pid28: 2.38130659780429
  _data_pid29: 2.3807366430971046
  _data_pid30: 3.3332523070815827
  _data_pid31: 2.3813859041591874
  _data_pid32: 2.381610923997481
  _data_pid33: 2.3812220362090075
  _data_pid34: 1.9040925509365845
  _data_pid35: 1.4292744159352113
  average: 3.0303030303030307
  size: 33
  standard: 0.708734498421323
  std/ave: 23.388238447903657
  total(for debug): 100.0
clock:
  idle_average: 122749.48148148147
  idle_size: 216
  running_average: 31437509.399176955
  running_size: 243
cpu_usage:
  _data_pid00: 99.71617460997471
  _data_pid01: 99.71298584056824
  _data_pid02: 99.45901245016377
  _data_pid03: 99.58460179155628
  _data_pid04: 99.69866633896908
  _data_pid05: 99.69309006626004
  _data_pid06: 99.70097505249421
  _data_pid07: 99.67610546063338
  average: 99.65412887328354
  standard: 0.08396230181612106
  std/ave: 0.08425371107591978
time_response:
  average: 46905602.90909091
  size: 33
  standard: 36086966.06247739
  std/ave: 76.93529946181178
time_turnaround:
  average: 2883624134.787879
  size: 33
  standard: 210134233.92328614
  std/ave: 7.287157552478445
