_environment:
  LOGSIZE: 500
  NCPU: 8
  NPROC: 15000
  date: 2023/11/13 02:43
  forknum: ''
  policy: multiple
  workload: calculation
balancing:
  _data_pid03: 61.812441497041135
  _data_pid04: 11.953419745839348
  _data_pid05: 9.228347955767797
  _data_pid06: 7.101648395234091
  _data_pid07: 4.9908775047199
  _data_pid08: 2.948834700385525
  _data_pid09: 1.444241722327109
  _data_pid10: 0.5201884786850914
  average: 12.499999999999998
  size: 8
  standard: 18.990849434434185
  std/ave: 151.9267954754735
  total(for debug): 99.99999999999999
clock:
  idle_average: 1250984.5063291139
  idle_size: 237
  running_average: 239964.63157894736
  running_size: 247
cpu_usage:
  _data_pid00: 12.894761676165155
  _data_pid01: 5.116478582970228
  _data_pid02: 9.699166378901731
  _data_pid03: 8.380387192419585
  _data_pid04: 5.9346115461033895
  _data_pid05: 8.268632299182556
  _data_pid06: 10.414057585428774
  _data_pid07: 95.47851249471891
  average: 16.660716497511856
  standard: 28.942229087097775
  std/ave: 173.71539268086138
time_response:
  average: 8191266.909090909
  size: 33
  standard: 3253389.3374679773
  std/ave: 39.717779600824265
time_turnaround:
  average: 1769146628.8484848
  size: 33
  standard: 184393427.25168797
  std/ave: 10.42273287272448
