_environment:
  LOGSIZE: 500
  NCPU: 8
  NPROC: 5000
  date: 2023/11/13 02:44
  forknum: ''
  policy: multiple
  workload: calculation
balancing:
  _data_pid03: 60.269569955145585
  _data_pid04: 11.724677529712881
  _data_pid05: 9.74246724614176
  _data_pid06: 7.134069080864651
  _data_pid07: 4.861382124122551
  _data_pid08: 3.8931476647829504
  _data_pid09: 2.0074250525835633
  _data_pid10: 0.3672613466460556
  average: 12.499999999999998
  size: 8
  standard: 18.400591045472083
  std/ave: 147.2047283637767
  total(for debug): 99.99999999999999
clock:
  idle_average: 1231605.6949152541
  idle_size: 236
  running_average: 262120.12903225806
  running_size: 248
cpu_usage:
  _data_pid00: 19.204083865455555
  _data_pid01: 19.41041120007525
  _data_pid02: 6.118517852930935
  _data_pid03: 60.40628766249251
  _data_pid04: 5.282210423914329
  _data_pid05: 10.195813104069815
  _data_pid06: 10.621755062738574
  _data_pid07: 8.904426367766684
  average: 18.277266599745218
  standard: 16.9759792068309
  std/ave: 92.88029538874014
time_response:
  average: 8530564.848484848
  size: 33
  standard: 3991428.329459382
  std/ave: 46.78973081329214
time_turnaround:
  average: 1750597794.909091
  size: 33
  standard: 137480290.92956182
  std/ave: 7.8533339485156395
