_environment:
  LOGSIZE: 500
  NCPU: 7
  NPROC: 100
  date: 2023/12/04 07:03
  forknum: 32
  policy: multiple
  workload: calculation
balancing:
  _data_pid04: 0.0017024656112447473
  _data_pid05: 3.0541458621081086
  _data_pid06: 2.793550925502485
  _data_pid07: 3.489432759635238
  _data_pid08: 3.0537787665933736
  _data_pid09: 2.6176723578635044
  _data_pid10: 2.613418162762468
  _data_pid11: 3.050062307353612
  _data_pid12: 3.05134648534616
  _data_pid13: 2.6174317112209486
  _data_pid14: 3.9096424886972208
  _data_pid15: 3.4892021763977343
  _data_pid16: 3.925101191475655
  _data_pid17: 3.488788701711888
  _data_pid18: 2.6177913685667322
  _data_pid19: 3.489939430202655
  _data_pid20: 2.798458804392573
  _data_pid21: 2.7891501547191644
  _data_pid22: 2.6172243175690006
  _data_pid23: 3.66617853026612
  _data_pid24: 3.5874472620695146
  _data_pid25: 2.6181610893175677
  _data_pid26: 3.4898191068813778
  _data_pid27: 3.053491303240357
  _data_pid28: 3.0500920600294186
  _data_pid29: 3.0531994644938396
  _data_pid30: 3.489230178916141
  _data_pid31: 3.4898615481983373
  _data_pid32: 3.0509693264263724
  _data_pid33: 3.6978060621882034
  _data_pid34: 2.6176666698519533
  _data_pid35: 3.0507553696841727
  _data_pid36: 2.61748159070686
  average: 3.0303030303030303
  size: 33
  standard: 0.6724117128085578
  std/ave: 22.189586522682408
  total(for debug): 100.00000000000003
clock:
  idle_average: 105840.1975308642
  idle_size: 243
  running_average: 31388426.575107295
  running_size: 233
counters:
  contextswitch: 8590
  worksteal: 0
cpu_usage:
  _data_pid00: 99.62861927052758
  _data_pid01: 99.61444269922968
  _data_pid02: 99.70165269286109
  _data_pid03: 99.5727950299849
  _data_pid04: 99.67489385014382
  _data_pid05: 99.68361619437727
  _data_pid06: 99.67219901238545
  average: 99.64956549839252
  standard: 0.04241358843087476
  std/ave: 0.042562742967061855
runtime:
  _data_pid00: 14.134618571921266
  _data_pid01: 14.168699824518718
  _data_pid02: 14.141067901941762
  _data_pid03: 14.553478054548835
  _data_pid04: 13.956683569336809
  _data_pid05: 14.476153475362807
  _data_pid06: 14.569298602369804
  average: 14.285714285714283
  standard: 0.22490971935464607
  std/ave: 1.5743680354825227
  total(for debug): 99.99999999999999
time_response:
  average: 7944024.470588235
  size: 34
  standard: 6292404.466090751
  std/ave: 79.20927848834803
time_turnaround:
  average: 3337622461.1764708
  size: 34
  standard: 687298453.5079775
  std/ave: 20.592456501677344
