_environment:
  LOGSIZE: 500
  NCPU: 8
  NPROC: 100
  date: 2023/12/07 01:25
  forknum: 32
  policy: multiple
  workload: yieldrepeat
balancing:
  _data_pid05: 2.970793309311441
  _data_pid06: 2.944902689241446
  _data_pid07: 3.7600084506983906
  _data_pid08: 3.2181005122200275
  _data_pid09: 2.542458890873453
  _data_pid10: 2.937791398928888
  _data_pid11: 2.500757732147382
  _data_pid12: 3.714095751107601
  _data_pid13: 3.0176035503979906
  _data_pid14: 2.8505917905331466
  _data_pid15: 3.9016128820678806
  _data_pid16: 2.8315362941616304
  _data_pid17: 2.69711219475822
  _data_pid18: 4.023885650451774
  _data_pid19: 3.2553139634673
  _data_pid20: 2.7994319252748374
  _data_pid21: 3.990262365187541
  _data_pid22: 3.832571228547895
  _data_pid23: 2.60176567124712
  _data_pid24: 3.4374458454530203
  _data_pid25: 3.187376976403634
  _data_pid26: 3.2181005122200275
  _data_pid27: 2.541009016149533
  _data_pid28: 3.5634468631269933
  _data_pid29: 2.5493630562254515
  _data_pid30: 3.013184884572712
  _data_pid31: 2.3467258031442952
  _data_pid32: 3.154098899407001
  _data_pid33: 3.611292729016343
  _data_pid34: 2.7957727176382785
  _data_pid35: 3.1562391906661205
  _data_pid36: 3.035347255352627
  average: 3.125
  size: 32
  standard: 0.4657067430685936
  std/ave: 14.902615778194994
  total: 100.0
clock:
  idle_average: 251764.8130081301
  idle_size: 246
  running_average: 187647.09311740892
  running_size: 247
counters:
  contextswitch: 40844
  worksteal: 0
cpu_usage:
  _data_pid00: 42.28591240032359
  _data_pid01: 41.80284638011078
  _data_pid02: 45.25759232566231
  _data_pid03: 42.904019688269074
  _data_pid04: 42.632015367242936
  _data_pid05: 41.50577315668107
  _data_pid06: 43.22926839297279
  average: 42.802489673037506
  size: 7
  standard: 1.1462143566175638
  std/ave: 2.6779151525374854
  total: 299.61742771126256
runtime:
  _data_pid00: 14.146910972859036
  _data_pid01: 13.844715655402059
  _data_pid02: 15.087603502068832
  _data_pid03: 14.40740513158994
  _data_pid04: 14.12771739318048
  _data_pid05: 13.868604067519977
  _data_pid06: 14.517043277379676
  average: 14.285714285714286
  size: 7
  standard: 0.4007204553639897
  std/ave: 2.805043187547928
  total: 100.0
time_response:
  average: 5066214.588235294
  size: 34
  standard: 3096099.822930913
  std/ave: 61.112686188236886
  total: 172251296
time_turnaround:
  average: 811197240.4705882
  size: 34
  standard: 155602380.61614734
  std/ave: 19.181818286990225
  total: 27580706176
