_environment:
  LOGSIZE: 500
  NCPU: 7
  NPROC: 5000
  date: 2023/12/05 05:39
  forknum: 32
  policy: multiple
  workload: calculation
balancing:
  _data_pid04: 0.013483012400378696
  _data_pid05: 3.0368358595380824
  _data_pid06: 3.0394602626614335
  _data_pid07: 3.9058586324591102
  _data_pid08: 3.0386238809567265
  _data_pid09: 2.602242705131399
  _data_pid10: 3.4731069965847876
  _data_pid11: 3.472908230885853
  _data_pid12: 2.8862006004498646
  _data_pid13: 3.0372273018335774
  _data_pid14: 3.0389653056255748
  _data_pid15: 2.604446090319151
  _data_pid16: 3.7538041775817814
  _data_pid17: 3.470399520707615
  _data_pid18: 3.038875273897611
  _data_pid19: 3.4727016363410086
  _data_pid20: 2.6056695649605146
  _data_pid21: 3.9068550705690868
  _data_pid22: 2.603697565662988
  _data_pid23: 3.040344922249252
  _data_pid24: 3.4722445187270474
  _data_pid25: 3.4715581899022796
  _data_pid26: 3.0379419014907976
  _data_pid27: 2.604489148971655
  _data_pid28: 3.5728125684779366
  _data_pid29: 3.0372755797166886
  _data_pid30: 3.0348551615228785
  _data_pid31: 3.470906221012339
  _data_pid32: 3.453722774111882
  _data_pid33: 2.709808003382201
  _data_pid34: 2.885108476445434
  _data_pid35: 2.602852920176487
  _data_pid36: 2.604717925246578
  average: 3.0303030303030303
  size: 33
  standard: 0.6609441993400479
  std/ave: 21.811158578221583
  total(for debug): 100.00000000000003
clock:
  idle_average: 74461.49794238684
  idle_size: 243
  running_average: 31572593.442060087
  running_size: 233
counters:
  contextswitch: 9860
  worksteal: 0
cpu_usage:
  _data_pid00: 99.62771829905851
  _data_pid01: 99.75260526218892
  _data_pid02: 99.792362699046
  _data_pid03: 99.8072127109493
  _data_pid04: 99.75826387819748
  _data_pid05: 99.79009929239795
  _data_pid06: 99.7554461551089
  average: 99.75463931994786
  standard: 0.05551228404361869
  std/ave: 0.055648824377552475
runtime:
  _data_pid00: 14.429468548450982
  _data_pid01: 14.318010574039427
  _data_pid02: 14.16958652898487
  _data_pid03: 14.425682866517665
  _data_pid04: 14.167253967839605
  _data_pid05: 14.323329404963433
  _data_pid06: 14.166668109204014
  average: 14.285714285714283
  standard: 0.10980823156659641
  std/ave: 0.7686576209661751
  total(for debug): 99.99999999999999
time_response:
  average: 5570969.411764706
  size: 34
  standard: 4868876.641489324
  std/ave: 87.39729626242946
time_turnaround:
  average: 3274016820.7058825
  size: 34
  standard: 666367411.050108
  std/ave: 20.353206704247725
