_environment:
  LOGSIZE: 500
  NCPU: 7
  NPROC: '5000'
  date: 2023/12/11 04:47
  forknum: '32'
  policy: multiple
  workload: calculation
balancing:
  _data_pid05: 2.9001732463356777
  _data_pid06: 3.7157785480990926
  _data_pid07: 2.8977400322713422
  _data_pid08: 2.5247194334415046
  _data_pid09: 2.8997104292627105
  _data_pid10: 3.715642401013951
  _data_pid11: 2.8986847602158026
  _data_pid12: 2.9002056227766566
  _data_pid13: 2.8994563987257993
  _data_pid14: 2.900238829382789
  _data_pid15: 3.4956403337366853
  _data_pid16: 3.725471971511654
  _data_pid17: 3.73871227554171
  _data_pid18: 2.6503466657607904
  _data_pid19: 2.9042555834770534
  _data_pid20: 2.8999574033958186
  _data_pid21: 2.8998515573387724
  _data_pid22: 3.7376733238523494
  _data_pid23: 3.726913553300368
  _data_pid24: 2.89865902509605
  _data_pid25: 3.3123216042536465
  _data_pid26: 2.9002645645025416
  _data_pid27: 2.9127979829045585
  _data_pid28: 2.8999503469920156
  _data_pid29: 3.727309957161071
  _data_pid30: 3.3125963889193906
  _data_pid31: 3.4959599473207077
  _data_pid32: 2.8991865950509754
  _data_pid33: 2.9002516969426653
  _data_pid34: 2.9003230911458493
  _data_pid35: 2.4954100376215074
  _data_pid36: 3.3137963926484924
  average: 3.125
  size: 32
  standard: 0.3854384318937326
  std/ave: 12.334029820599444
  total: 100.0
clock:
  idle_average: 70118.86639676114
  idle_size: 247
  running_average: 31338656.0
  running_size: 246
counters:
  contextswitch: 9954
  worksteal: 589
cpu_usage:
  _data_pid00: 99.75249830634189
  _data_pid01: 99.80933323326026
  _data_pid02: 99.78238530102438
  _data_pid03: 99.80417858741187
  _data_pid04: 99.75682322567563
  _data_pid05: 99.76307464448696
  _data_pid06: 99.76392381327004
  average: 99.77603101592443
  size: 7
  standard: 0.02131022538840665
  std/ave: 0.02135806082024399
  total: 698.432217111471
runtime:
  _data_pid00: 14.498525996111225
  _data_pid01: 14.12529287500214
  _data_pid02: 14.263097384872674
  _data_pid03: 14.095267046654842
  _data_pid04: 14.261688594607518
  _data_pid05: 14.493491874621583
  _data_pid06: 14.262636228130015
  average: 14.285714285714286
  size: 7
  standard: 0.14739978929677727
  std/ave: 1.0317985250774409
  total: 100.0
time_response:
  average: 6256722.823529412
  size: 34
  standard: 6857282.465070773
  std/ave: 109.59862948192078
  total: 212728576
time_turnaround:
  average: 3254995201.882353
  size: 34
  standard: 614345852.0901929
  std/ave: 18.87394032823516
  total: 110669836864
